20 32 03.10 41 15 19.9 WC4              vH88        "" ""  WR144 ""   ""   ""   5.22 0.30 0.30 5.05 0.05 0.05 >20  ""   ""   2-8  ""   ""   >20  ""   ""   2-8  ""   ""   ""    ""    ""    - ""     ""     ""     -
20 32 06.28 40 48 29.7 WN7o/CE+O7V((f)) S96,M09     "" ""  WR145 ""   ""   ""   5.80 0.30 0.30 4.70 0.05 0.05 >25  ""   ""   2-7  ""   ""   >25  ""   ""   2-7  ""   ""   ""    ""    ""    - ""     ""     ""     -
20 35 47.09 41 22 44.7 WC6+O8III        D00,D00     "" ""  WR146 7.83 ""   ""   5.06 0.30 0.30 4.90 0.05 0.05 >25  ""   ""   2-4  ""   ""   >25  ""   ""   2-4  ""   ""   ""    ""    ""    - ""     ""     ""     -
20 33 08.78 41 13 18.1 O3If+O6V         W02,W02     22 417 ""    6.92 0.41 0.36 5.82 0.03 0.07 4.63 0.01 0.03 49.9 7.40 4.90 4.12 0.09 0.98 61.2 11.7 9.10 1.60 0.41 0.27 14.33 13.59 11.55 M 7.110  6.540  6.226  2M
20 33 14.16 41 20 21.5 O3If             MT91        7  457 ""    5.30 0.27 0.28 5.63 0.02 0.07 4.63 0.01 0.03 46.7 0.30 9.20 2.67 1.03 1.75 50.8 1.50 13.5 1.43 0.57 0.76 12.19 12.00 10.55 M 7.248  6.818  6.611  2M
20 33 18.02 41 18 31.0 O5III            K07         8C 483 ""    4.85 0.26 0.26 5.57 0.04 0.06 4.61 0.01 0.02 41.6 2.00 6.90 3.34 0.60 1.86 45.4 3.00 10.2 1.99 0.19 0.83 11.57 11.43 10.19 M 7.165  6.792  6.579  2M
20 33 10.74 41 15 08.0 O5I+O3.5III      NZ12,NZ12   9  431 ""    6.76 0.36 0.36 5.85 0.05 0.06 4.59 0.02 0.02 51.6 12.6 7.80 4.26 0.32 0.68 61.6 13.8 8.80 2.09 0.13 0.24 13.46 12.77 10.96 M 6.468  5.897  5.570  2M
20 34 08.54 41 36 59.3 O5If+B0V         K12a,K12a   11 734 ""    5.40 0.29 0.28 5.73 0.05 0.06 4.59 0.02 0.02 43.7 9.10 4.50 4.56 0.26 0.68 53.3 8.80 8.10 2.14 0.25 0.19 11.70 11.53 10.04 M 6.650  6.226  5.990  2M
20 33 23.46 41 09 12.9 O5.5V            MT91        "" 516 ""    7.43 0.39 0.36 5.85 0.05 0.06 4.60 0.02 0.02 51.6 4.10 11.5 4.21 0.27 0.75 62.3 4.50 17.0 2.02 0.18 0.34 14.97 14.04 11.84 M 7.025  6.380  6.050  2M
20 33 13.25 41 13 28.6 O6V              MT91        "" 448 ""    7.22 0.42 0.36 5.03 0.05 0.06 4.59 0.02 0.02 28.6 2.70 3.30 0.76 1.69 0.41 28.2 3.20 3.70 0.48 1.42 0.22 16.63 15.76 13.61 M 8.982  8.346  8.009  2M
20 31 37.50 41 13 21.1 O6IV+O9III       K08,K08     3  ""  ""    5.84 0.33 0.30 5.54 0.08 0.09 4.59 0.01 0.02 38.0 4.80 3.70 4.18 0.56 0.97 42.3 8.90 5.30 2.40 0.23 0.37 12.30 11.83 10.22 M 6.498  6.001  5.748  2M
20 33 15.18 41 18 50.1 O6I+O5.5III      dB04,dB04   8A 465 ""    4.84 0.26 0.23 5.70 0.05 0.06 4.57 0.02 0.02 41.1 8.10 4.60 5.00 0.19 0.73 50.8 7.90 9.30 2.33 0.42 0.20 10.44 10.36 9.06  M 6.123  5.721  5.503  2M
20 33 14.84 41 18 41.4 O6.5III          MT91        8B 462 ""    5.12 0.28 0.26 5.48 0.04 0.07 4.57 0.01 0.01 35.2 1.80 5.60 4.56 0.37 1.31 38.9 1.60 7.60 2.81 0.22 0.61 11.99 11.77 10.33 M 7.209  6.762  6.570  2M
20 34 44.10 40 51 58.0 O6.5III          N08         "" ""  A24   7.29 0.40 0.38 5.19 0.05 0.06 4.57 0.01 0.02 29.6 1.80 4.70 3.41 0.66 1.86 31.6 1.60 6.90 2.44 0.46 1.46 16.20 15.30 ""    U 8.430  7.810  7.461  2M
20 33 40.88 41 30 18.5 O7V              MT91        "" 611 ""    5.54 0.30 0.28 4.66 0.05 0.06 4.57 0.01 0.02 22.3 2.00 2.20 0    2.2  0    21.6 2.00 1.80 0    1.8  0    14.61 14.32 12.77 M 9.263  8.866  8.614  2M
20 34 13.50 41 35 02.6 O7V              MT91        29 745 ""    5.36 0.31 0.28 4.94 0.05 0.07 4.57 0.01 0.02 25.4 1.80 3.40 1.78 1.46 1.27 24.7 2.70 2.90 1.31 1.32 0.88 13.59 13.41 11.91 M 8.550  8.148  7.921  2M
20 34 29.52 41 31 45.5 O7V+O9V          K08,K08     "" 771 ""    6.93 0.35 0.38 5.18 0.08 0.08 4.57 0.01 0.02 29.0 3.50 3.30 3.50 1.00 1.14 30.8 4.60 4.30 2.51 0.59 0.74 14.72 14.11 12.06 M 7.560  7.030  6.709  2M
20 31 59.61 41 14 50.4 O7V              C12         "" ""  E45   5.89 0.31 0.31 4.79 0.05 0.06 4.57 0.01 0.02 23.3 2.30 2.40 0.17 2.36 0.17 23.1 1.90 2.50 0    2.1  0    ""    14.46 ""    M 9.117  8.579  8.326  2M
20 32 13.77 41 27 12.7 O7III            K07         4  217 ""    4.39 0.22 0.26 5.20 0.05 0.06 4.56 0.01 0.02 28.6 1.60 4.40 4.14 0.54 1.74 30.8 1.80 6.80 2.92 0.34 1.09 11.47 11.41 10.22 M 7.582  7.248  7.105  2M
20 32 22.43 41 18 19.0 O7I+O6I+O9V      B76,B76,D13 5  ""  ""    6.02 0.27 0.40 6.20 0.01 0.07 4.54 0.02 0.02 93.1 1.80 37.4 2.95 1.41 0.04 112  6.5  47.8 1.54 0.78 1.54 11.32 10.64 9.21  M 5.187  4.745  4.339  2M
20 31 36.91 40 59 09.1 O7I              N08         "" ""  A15   8.26 0.44 0.42 5.42 0.05 0.06 4.54 0.03 0.02 31.8 2.10 5.30 5.25 0.48 1.22 36.3 2.20 7.90 3.16 0.38 0.48 17.18 15.83 ""    U 7.940  7.210  6.805  2M
20 30 27.30 41 13 25.0 O7I+O9I          S10,S10     "" ""  B17   8.08 0.47 0.40 5.03 0.05 0.08 4.54 0.03 0.02 24.8 2.60 2.40 4.17 1.07 1.83 25.0 3.90 2.50 3.34 0.70 1.57 16.89 15.61 ""    U 7.650  6.850  6.443  2M
20 33 17.49 41 17 09.2 O7.5V            MT91        24 480 ""    5.63 0.31 0.30 5.02 0.05 0.07 4.55 0.02 0.01 25.4 1.60 3.50 3.40 0.83 2.14 25.5 2.30 3.60 2.74 0.56 1.85 13.85 13.47 11.88 M 8.354  7.889  7.649  2M
20 33 26.77 41 10 59.5 O7.5V            MT91        "" 534 ""    6.36 0.34 0.33 4.84 0.05 0.07 4.55 0.02 0.01 23.4 1.30 3.20 1.77 1.73 1.29 22.6 1.80 2.80 1.29 1.44 0.87 15.48 14.87 13.00 M 8.971  8.434  8.165  2M
20 32 31.50 41 14 08.0 O7.5III          K12a        "" 267 ""    8.03 0.43 0.42 5.51 0.04 0.05 4.56 0.01 0.02 34.7 1.60 5.10 5.17 0.02 0.82 39.5 2.70 7.20 3.05 0.01 0.31 16.48 15.38 ""    U 7.820  7.080  6.637  2M
20 31 10.57 41 31 53.0 O8V              K08         1  059 ""    5.18 0.28 0.27 5.08 0.05 0.06 4.54 0.02 0.02 25.5 1.40 3.80 4.46 0.70 1.95 26.3 1.90 4.70 3.41 0.52 1.60 12.96 12.65 11.18 M 7.968  7.556  7.365  2M
20 32 27.67 41 26 21.7 O8V              MT91        15 258 ""    4.36 0.23 0.23 4.79 0.04 0.06 4.54 0.02 0.02 21.9 1.40 2.80 2.45 1.65 1.81 21.6 1.50 2.90 1.88 1.35 1.32 12.39 12.30 11.10 M 8.535  8.193  8.021  2M
20 32 38.58 41 25 13.6 O8V              H03         16 299 ""    4.40 0.20 0.24 4.92 0.05 0.06 4.54 0.02 0.02 23.4 1.10 3.20 3.65 1.07 2.35 23.4 1.30 3.80 2.94 0.76 1.96 12.07 12.03 10.84 M 8.230  7.920  7.699  2M
20 32 45.45 41 25 37.3 O8V              MT91        6  317 ""    4.54 0.24 0.25 5.04 0.04 0.07 4.54 0.02 0.02 24.8 1.70 3.40 4.28 0.75 2.40 25.0 2.50 3.70 3.42 0.49 1.78 12.02 11.93 10.68 M 7.953  7.617  7.421  2M
20 32 59.17 41 24 25.7 O8V              MT91        "" 376 ""    4.90 0.27 0.25 4.69 0.05 0.06 4.54 0.02 0.02 20.9 1.70 2.20 1.04 2.50 0.53 20.3 1.90 2.30 0.77 2.23 0.37 13.47 13.26 11.91 M 8.886  8.524  8.314  2M
20 33 02.94 41 17 43.3 O8V              MT91        "" 390 ""    6.63 0.38 0.33 4.93 0.05 0.07 4.54 0.02 0.02 23.5 1.10 3.60 3.70 0.93 2.51 23.5 1.30 3.70 2.99 0.73 1.91 15.67 14.93 12.95 M 8.718  8.165  7.873  2M
20 33 13.67 41 13 05.7 O8V              MT91        "" 455 ""    6.13 0.35 0.32 4.75 0.05 0.07 4.54 0.02 0.02 21.4 1.60 2.50 1.89 2.00 1.34 21.1 1.60 2.70 1.41 1.72 0.92 15.27 14.73 12.92 M 9.034  8.559  8.280  2M
20 33 18.08 41 21 36.6 O8V              MT91        "" 485 ""    5.32 0.29 0.27 4.79 0.04 0.07 4.54 0.02 0.02 21.8 1.50 2.70 2.40 2.00 1.68 21.6 1.50 3.00 1.84 1.44 1.30 13.90 13.57 12.06 M 8.744  8.315  8.113  2M
20 33 30.43 41 35 57.5 O8V              MT91        74 555 ""    6.45 0.38 0.35 5.04 0.05 0.06 4.54 0.02 0.02 24.9 1.20 3.70 4.31 0.79 2.17 25.2 2.20 3.80 3.44 0.52 1.90 15.04 14.41 12.51 M 8.385  7.839  7.568  2M
20 32 34.80 40 56 17.0 O8V              N08         "" ""  A38   6.31 0.34 0.31 4.64 0.05 0.07 4.54 0.02 0.02 20.3 1.70 2.00 0.41 2.89 0.01 19.6 2.00 1.90 0.16 2.61 0.16 16.26 15.24 13.72 U 9.410  8.860  8.564  2M
20 34 21.95 41 17 01.6 O8III+O8III      K09,K09     73 ""  ""    6.27 0.31 0.32 4.62 0.08 0.09 4.53 0.02 0.02 19.6 2.10 1.40 1.36 2.74 0.66 18.8 2.60 1.20 0.96 2.40 0.39 ""    14.20 12.50 M 8.388  7.878  7.602  2M
20 33 02.90 40 47 25.0 O8II             H03         "" ""  A20   8.13 0.45 0.46 5.58 0.06 0.06 4.53 0.01 0.02 35.0 2.50 6.30 5.72 0.35 0.54 42.1 3.60 10.1 3.10 0.46 0.33 16.43 15.12 ""    U 7.270  6.620  6.248  2M
20 32 50.03 41 23 44.6 O8.5V            MT91        17 339 ""    4.92 0.24 0.28 4.79 0.04 0.07 4.53 0.02 0.02 21.2 0.90 2.90 3.67 1.36 2.71 20.9 1.40 2.90 2.95 1.08 1.99 13.15 12.95 11.60 M 8.579  8.188  7.982  2M
20 33 16.36 41 19 01.9 O8.5V            MT91        8D 473 ""    5.13 0.27 0.29 4.69 0.05 0.06 4.53 0.02 0.02 20.2 1.30 2.30 2.59 1.87 1.81 19.6 1.60 2.30 1.98 1.83 1.35 13.77 13.47 12.02 M 8.842  8.424  8.239  2M
20 33 21.04 41 17 40.1 O8.5V            MT91        "" 507 ""    5.41 0.29 0.29 4.53 0.05 0.07 4.53 0.02 0.02 18.7 1.40 1.90 0.13 3.46 0.13 18.4 1.20 2.00 0    3.1  0    14.57 14.24 12.70 M 9.301  8.899  8.672  2M
20 33 25.67 41 33 26.6 O8.5V            MT91        25 531 ""    5.46 0.29 0.29 4.99 0.05 0.07 4.53 0.02 0.02 23.5 1.20 3.60 4.88 0.88 2.22 23.9 1.00 4.10 3.92 0.63 1.82 13.52 13.15 11.58 M 8.168  7.748  7.523  2M
20 31 45.39 41 18 26.8 O8.5I            MT91        "" 138 ""    6.57 0.34 0.33 5.07 0.06 0.05 4.51 0.02 0.02 23.6 1.30 3.80 6.11 0.84 1.67 24.6 1.50 4.80 4.69 0.73 1.25 14.91 14.25 12.26 M 8.065  7.552  7.259  2M
20 31 18.31 41 21 21.7 O9V+B6V          K12a,K12a   "" 070 ""    6.86 0.37 0.34 4.55 0.10 0.08 4.52 0.01 0.02 18.4 1.80 1.50 1.97 3.35 1.09 17.6 2.30 1.10 1.43 2.73 0.65 15.88 15.09 12.99 M 8.607  8.046  7.746  2M
20 32 16.53 41 25 36.4 O9V              MT91        14 227 ""    4.55 0.23 0.25 4.66 0.04 0.08 4.52 0.01 0.02 19.1 1.20 2.50 3.61 1.90 2.65 18.7 1.20 2.30 2.81 1.58 1.98 12.84 12.71 11.47 M 8.714  8.389  8.185  2M
20 33 09.58 41 13 00.6 O9V+B9V          K09,K09     "" 421 ""    6.77 0.36 0.36 4.26 0.12 0.09 4.52 0.01 0.02 16.3 2.10 1.10 0    3.3  0    15.8 2.10 1.10 0    3.0  0    15.88 14.97 ""    U 8.655  8.135  7.764  2M
20 34 04.95 41 05 13.2 O9V              MT91        41 716 ""    6.12 0.33 0.31 4.45 0.05 0.07 4.52 0.01 0.02 17.5 1.40 1.80 0.26 4.16 0.26 17.4 0.90 2.10 0    3.5  0    16.10 15.28 13.52 U 9.561  9.095  8.836  2M
20 34 09.52 41 34 13.4 O9V              MT91        75 736 ""    5.43 0.28 0.29 4.50 0.05 0.06 4.52 0.01 0.02 18.0 1.10 2.20 1.07 3.46 0.48 17.1 1.50 1.50 0.71 3.06 0.21 14.51 14.25 12.79 M 9.304  8.892  8.646  2M
20 33 09.41 41 12 58.2 O9V              K07         "" 420 ""    6.54 0.45 0.26 4.06 0.05 0.07 4.52 0.01 0.02 15.2 0.90 1.90 0    2.6  0    14.8 0.80 1.90 0    2.3  0    17.79 16.81 14.85 U 10.678 10.650 9.855  2M
20 31 49.65 41 28 26.8 O9III            K09         20 145 ""    4.12 0.22 0.22 4.42 0.06 0.06 4.50 0.02 0.01 16.8 1.20 1.50 1.46 3.08 0.90 16.1 1.50 1.20 0.99 2.57 0.39 12.67 12.63 11.52 M 9.074  8.768  8.634  2M
20 33 46.15 41 33 00.5 O9I              K07         10 632 ""    5.66 0.31 0.29 5.68 0.05 0.06 4.50 0.02 0.03 37.4 2.70 8.30 5.54 0.78 0.30 47.6 3.90 12.8 2.99 0.73 0.23 11.76 11.47 9.88  M 6.294  5.839  5.582  2M
20 33 15.74 41 20 17.2 O9.5V            MT91        23 470 ""    5.13 0.27 0.27 4.42 0.05 0.09 4.50 0.02 0.02 16.8 1.00 2.60 1.35 4.82 0.57 16.1 1.20 2.30 0.90 3.87 0.26 14.21 13.96 12.50 M 9.333  8.935  8.725  2M
20 33 59.57 41 17 36.1 O9.5V+B0V        MT91,K12    27 696 ""    5.81 0.32 0.29 4.48 0.09 0.08 4.50 0.02 0.02 17.2 1.70 2.00 2.58 3.81 1.26 16.7 1.80 1.70 1.89 3.28 0.73 14.44 13.97 12.32 M 8.534  8.140  7.889  2M
20 30 57.70 41 09 57.0 O9.5V            N08         "" ""  A26   6.69 0.37 0.32 4.69 0.05 0.08 4.50 0.02 0.02 18.7 1.10 2.60 5.31 1.77 3.21 18.8 0.90 2.90 4.25 1.49 2.50 16.00 15.33 ""    U 9.160  8.520  8.187  2M
20 34 16.05 41 02 19.6 O9.5V            C12         "" ""  E54   6.23 0.33 0.31 4.54 0.05 0.08 4.50 0.02 0.02 17.6 1.00 2.70 3.62 3.13 2.65 17.3 1.00 2.70 2.76 2.56 1.73 ""    15.10 ""    M 9.409  8.830  8.517  2M
20 31 46.00 41 17 27.4 O9.5I            MT91        "" 140 ""    2.17 0.10 0.16 4.54 0.06 0.06 4.48 0.03 0.02 16.6 1.30 1.90 5.97 1.90 4.04 16.8 1.20 2.50 4.73 1.60 3.17 ""    9.65  9.13  M 8.240  8.061  8.048  2M
20 32 13.07 41 27 24.9 B0V              MT91        "" 213 ""    4.30 0.21 0.25 4.18 0.10 0.15 4.49 0.03 0.09 14.5 0.20 4.60 0    10.0 0    14.1 0.20 4.20 0    10.0 0    13.29 13.31 ""    U 9.521  9.248  9.071  2M
20 32 59.61 41 15 14.6 B0V              MT91        41 378 ""    6.93 0.37 0.36 4.65 0.09 0.15 4.49 0.03 0.08 17.5 1.50 4.30 6.55 3.45 3.27 17.9 1.20 4.50 5.19 4.81 2.30 16.54 15.59 13.49 M 9.047  8.451  8.144  2M
20 33 10.10 41 13 10.1 B0V              MT91        51 425 ""    6.55 0.36 0.35 4.44 0.09 0.15 4.49 0.03 0.08 16.0 1.30 4.10 4.32 5.68 2.46 15.9 0.90 4.10 3.36 6.64 1.98 16.63 15.61 13.68 U 9.437  8.908  8.625  2M
20 33 10.34 41 13 06.4 B0V              MT91        "" 426 ""    ""   ""   ""   ""   ""   ""   ""   ""   ""   ""   ""   ""   ""   ""   ""   ""   ""   ""   ""   ""   ""   18.27 17.29 16.29 U 15.858 13.664 13.401 U
20 33 10.50 41 22 22.8 B0V+B3V          MT91,K12    "" 429 ""    5.45 0.29 0.29 3.99 0.16 0.19 4.49 0.03 0.08 13.5 0.50 4.30 0    10.0 0    13.2 0.10 4.30 0    10.0 0    14.97 14.54 12.98 M 9.537  9.113  8.897  2M
20 33 37.02 41 16 11.4 B0V              MT91        70 588 ""    5.85 0.29 0.32 4.69 0.10 0.14 4.49 0.03 0.08 17.9 1.90 4.20 6.80 3.20 3.33 18.4 1.30 4.50 5.39 4.61 2.80 14.46 14.06 12.40 M 8.683  8.168  7.929  2M
20 33 59.32 41 05 38.4 B0V              MT91        "" 692 ""    5.74 0.31 0.31 4.14 0.10 0.15 4.49 0.03 0.08 14.2 0.20 4.43 0    10.0 0    13.9 0.20 4.20 0    10.0 0    15.76 15.30 13.61 M 9.988  9.567  9.301  2M
20 30 51.12 41 20 21.6 B0V              K07         "" 020 ""    7.20 0.46 0.31 4.36 0.10 0.16 4.49 0.03 0.08 15.5 0.80 4.30 2.65 7.35 1.03 15.1 1.00 4.00 1.94 8.06 0.33 17.28 16.66 14.48 M 9.794  9.193  8.889  2M
20 32 58.79 41 04 29.9 B0V+B2V          K07,K09     "" 372 ""    6.98 0.50 0.26 3.85 0.15 0.18 4.49 0.03 0.09 12.9 0.80 4.53 0    10.0 0    12.6 1.00 4.50 0    10.0 0    18.01 17.14 14.97 M 10.508 9.924  9.598  2M
20 33 11.02 41 10 31.9 B0V              K07         "" 435 ""    7.13 0.47 0.32 4.20 0.09 0.16 4.49 0.03 0.09 14.6 0.10 4.50 0    10.0 0    14.2 0.10 4.10 0    10.0 0    17.82 16.97 14.78 M 10.169 9.597  9.282  2M
20 33 17.40 41 12 38.7 B0V              K07         "" 477 ""    6.49 0.38 0.33 4.12 0.09 0.16 4.49 0.03 0.08 14.1 0.40 4.40 0    10.0 0    13.8 0.30 4.10 0    10.0 0    17.11 16.34 14.43 M 10.230 9.680  9.428  2M
20 33 18.56 41 24 49.3 B0V              K07         "" 490 ""    5.77 0.34 0.28 3.76 0.09 0.16 4.49 0.03 0.08 12.5 2.20 4.70 0    10.0 0    12.3 2.30 4.70 0    10.0 0    16.75 16.29 14.76 M 11.056 10.554 10.262 2M
20 33 42.38 41 11 45.8 B0V              K07         "" 620 ""    6.24 0.34 0.35 4.24 0.09 0.16 4.49 0.03 0.09 14.7 0.20 4.40 0.19 9.81 0.19 14.4 0.10 4.20 0    10.0 0    16.22 15.71 13.89 M 9.894  9.379  9.101  2M
20 32 39.51 40 52 47.5 B0V              C12         "" ""  E48   6.60 0.36 0.39 4.69 0.09 0.15 4.49 0.03 0.08 17.9 1.60 4.30 6.78 3.22 3.43 18.4 1.20 4.60 5.37 4.63 2.70 ""    15.05 ""    M 8.884  8.289  8.004  2M
20 32 34.90 40 52 39.0 B0.2V            N08         "" ""  A33   6.80 0.34 0.38 4.42 0.11 0.15 4.47 0.04 0.09 15.1 1.70 3.70 6.62 3.38 3.95 14.8 1.80 3.20 5.41 4.59 3.29 16.83 15.90 13.74 U 9.470  8.900  8.598  2M
20 33 21.14 41 35 52.0 B0III            K07         "" 509 ""    6.66 0.40 0.34 4.14 0.08 0.15 4.49 0.02 0.08 14.2 0.30 4.50 0    10.0 0    13.9 0.40 4.00 0    10.0 0    17.08 16.51 14.72 M 10.216 9.678  9.386  2M
20 33 39.14 41 19 26.1 B0Iab            MT91        19 601 ""    5.72 0.33 0.33 5.27 0.06 0.16 4.49 0.02 0.08 26.0 1.30 6.40 6.74 1.90 0.71 29.7 1.90 8.30 4.06 2.89 0.24 12.91 12.54 11.07 M 7.230  6.745  6.482  2M
20 34 44.70 40 51 46.0 B0Ia             H03         "" ""  A27   7.58 0.25 0.27 5.63 0.07 0.15 4.49 0.02 0.08 35.2 2.10 9.30 5.94 1.26 0.45 43.9 5.60 12.6 3.30 1.22 0.36 ""    ""    ""    - 6.710  6.070  5.745  2M
20 34 58.70 41 36 17.0 B0Ib+B0III       H03,K09     "" ""  A36   6.05 0.34 0.33 5.24 0.03 0.19 4.49 0.02 0.08 25.5 1.90 5.60 6.78 1.85 0.73 28.8 2.90 7.20 4.16 2.96 0.39 ""    12.81 11.27 M 7.210  6.660  6.360  2M
20 32 39.06 41 00 07.8 B0Ia             C12         "" ""  E47   6.53 0.35 0.38 5.83 0.05 0.18 4.49 0.02 0.09 42.3 6.70 12.3 4.79 2.00 0.25 57.4 5.60 19.1 2.68 1.47 0.14 ""    12.21 ""    M 6.035  5.487  5.157  2M
20 33 38.22 40 53 41.2 B0Ib             C12         "" ""  E52   5.91 0.30 0.37 4.97 0.07 0.16 4.49 0.02 0.09 21.2 1.10 5.30 7.06 2.94 1.26 22.1 1.40 4.90 5.38 3.17 0.84 ""    13.53 ""    M 8.028  7.496  7.235  2M
20 32 03.74 41 25 10.9 B0.5V            MT91        "" 187 ""    5.31 0.28 0.29 4.05 0.14 0.14 4.44 0.06 0.07 12.3 0.80 3.10 3.74 6.26 1.17 12.0 0.50 3.00 2.78 7.22 0.29 15.15 14.76 13.24 M 9.897  9.492  9.257  2M
20 32 27.76 41 28 51.9 B0.5V            MT91        21 259 ""    3.80 0.18 0.23 4.20 0.14 0.17 4.44 0.06 0.08 12.9 1.30 3.10 7.63 2.37 4.46 12.9 1.10 3.10 6.12 3.88 3.69 12.39 12.42 11.42 M 9.191  8.895  8.766  2M
20 33 39.84 41 22 52.4 B0.5V+B2.5V      K12,K12     "" 605 ""    4.66 0.25 0.25 4.10 0.21 0.26 4.44 0.06 0.08 12.5 2.10 3.20 5.39 4.61 2.90 12.3 2.00 3.40 4.21 5.79 2.33 13.17 12.97 11.78 M 8.876  8.543  8.279  2M
20 34 06.10 41 08 09.6 B0.5V+B1.5V      K12,K12     "" 720 ""    6.95 0.38 0.36 4.20 0.21 0.26 4.44 0.06 0.08 12.9 2.80 3.10 7.73 2.27 4.51 12.9 2.80 3.20 6.21 3.79 3.42 16.37 15.64 13.59 M 9.047  8.494  8.154  2M
20 32 39.50 40 52 47.0 B0.5V            N08         "" ""  A31   7.20 0.38 0.39 4.63 0.14 0.16 4.44 0.06 0.08 15.7 2.70 3.50 10   0    0    16.2 2.70 3.60 7.66 2.34 3.48 16.71 15.78 ""    U 8.920  8.290  7.976  2M
20 33 06.62 41 21 13.3 B0.5V            K07         "" 409 ""    5.96 0.33 0.32 3.91 0.14 0.16 4.44 0.06 0.08 11.6 0.10 3.30 0    10.0 0    11.4 0.00 3.10 0    10.0 0    16.58 15.97 14.21 M 10.391 9.921  9.668  2M
20 33 18.70 40 59 37.9 B0.5III          C12         "" ""  E51   6.63 0.33 0.38 4.54 0.13 0.14 4.44 0.05 0.08 14.9 2.70 3.00 10   0    0    15.1 2.80 3.10 8.34 1.66 4.16 ""    15.27 ""    M 9.205  8.591  8.140  2M
20 32 13.53 41 27 30.0 B1V              MT91        "" 215 ""    4.05 0.22 0.24 3.58 0.13 0.20 4.39 0.08 0.06 9.2  0.00 2.30 0    10.0 0    9.0  0.00 2.30 0    10.0 0    14.55 14.19 13.14 U 10.653 10.367 10.187 2M
20 32 37.03 41 23 05.1 B1V              MT91        "" 292 ""    5.31 0.30 0.29 4.09 0.13 0.20 4.39 0.08 0.06 10.9 1.70 2.20 10   0    0    11.1 1.30 2.30 10   0    0    15.01 14.59 13.08 M 9.728  9.263  9.042  2M
20 32 38.87 41 25 20.8 B1V              K07         "" 300 ""    4.34 0.23 0.25 3.62 0.13 0.21 4.39 0.08 0.06 9.2  0.10 2.30 0.90 9.10 0.90 9.1  0.00 2.40 0    10.0 0    14.92 14.48 13.32 U 10.711 10.323 10.126 2M
20 33 04.42 41 17 08.9 B1V              K07         54 395 ""    5.96 0.33 0.31 3.90 0.14 0.18 4.39 0.08 0.05 10.2 1.00 2.00 10   0    0    10.3 0.60 2.23 10   0    0    16.58 15.89 14.14 M 10.268 9.799  9.552  2M
20 33 05.22 41 17 51.6 B1V              K07         "" 400 ""    5.54 0.31 0.29 3.74 0.12 0.22 4.39 0.08 0.06 9.6  0.40 2.20 6.58 3.42 3.51 9.5  0.40 2.10 4.95 5.05 1.86 16.28 15.77 14.15 M 10.613 10.195 9.938  2M
20 33 15.37 41 29 56.6 B1V              MT91        "" 467 ""    5.41 0.29 0.29 3.97 0.13 0.21 4.39 0.08 0.06 10.4 1.10 2.10 10   0    0    10.6 0.70 2.40 10   0    0    15.49 15.02 13.43 M 10.029 9.573  9.343  2M
20 33 23.24 41 13 41.9 B1V              MT91        66 515 ""    6.77 0.43 0.30 4.01 0.14 0.20 4.39 0.08 0.06 10.6 1.50 2.10 10   0    0    10.7 1.00 2.20 10   0    0    17.68 16.69 14.66 M 10.239 9.680  9.360  2M
20 31 33.38 41 22 49.0 B1V+B2V          K07,K12a    "" 103 ""    6.37 0.37 0.32 4.04 0.17 0.26 4.39 0.08 0.06 10.7 2.30 1.90 10   0    0    10.8 2.00 2.40 10   0    0    16.52 15.81 13.81 M 9.744  9.222  8.939  2M
20 32 14.56 41 22 33.7 B1V              K07         "" 220 ""    5.38 0.30 0.29 3.61 0.14 0.20 4.39 0.08 0.06 9.1  0.23 2.20 0.61 9.39 0.61 9.1  0.20 2.30 0    10.0 0    16.36 15.86 14.34 M 10.936 10.477 10.229 2M
20 32 21.35 41 18 35.5 B1V              K07         "" 238 ""    5.71 0.41 0.24 3.45 0.13 0.20 4.39 0.08 0.06 8.7  0.20 2.30 0    10.0 0    8.6  0.40 2.40 0    10.0 0    17.31 16.71 14.91 M 11.387 10.944 10.672 2M
20 32 50.69 41 15 02.2 B1V              K07         "" 343 ""    6.55 0.39 0.32 4.00 0.13 0.20 4.39 0.08 0.06 10.6 1.20 2.10 10   0    0    10.7 0.80 2.30 10   0    0    17.20 16.42 14.44 M 10.225 9.655  9.361  2M
20 32 56.66 41 23 41.0 B1V              K07         "" 365 ""    4.81 0.26 0.25 3.62 0.14 0.20 4.39 0.08 0.06 9.2  0.10 2.20 1.14 8.86 1.14 9.1  0.20 2.30 0    10.0 0    15.41 15.09 13.81 M 10.785 10.363 10.153 2M
20 33 10.46 41 20 57.6 B1V              K07         "" 428 ""    6.00 0.35 0.32 3.95 0.13 0.20 4.39 0.08 0.06 10.4 1.00 2.10 10   0    0    10.5 0.60 2.40 10   0    0    16.55 15.83 14.06 M 10.198 9.707  9.443  2M
20 33 19.16 41 17 44.9 B1V              K07         "" 492 ""    5.67 0.38 0.26 3.50 0.13 0.20 4.39 0.08 0.06 8.9  0.20 2.30 0    10.0 0    8.7  0.40 2.40 0    10.0 0    17.04 16.53 14.85 M 11.241 10.779 10.544 2M
20 33 23.37 41 20 17.2 B1V              K07         "" 517 ""    5.24 0.30 0.28 3.79 0.13 0.20 4.39 0.08 0.06 9.8  0.60 2.20 9.10 0.90 6.16 9.8  0.30 2.30 7.02 2.98 3.69 15.67 15.24 13.74 M 10.404 9.995  9.778  2M
20 33 42.57 41 14 56.9 B1V              K07         "" 621 ""    6.46 0.43 0.28 3.79 0.13 0.20 4.39 0.08 0.06 9.8  0.60 2.13 9.02 0.98 5.20 9.8  0.50 2.30 6.95 3.05 3.70 17.41 16.84 14.93 M 10.737 10.226 9.888  2M
20 34 04.43 41 08 08.4 B1V              K07         "" 712 ""    6.15 0.32 0.33 4.18 0.12 0.20 4.39 0.08 0.06 11.4 2.00 2.20 10   0    0    11.5 1.80 2.20 10   0    0    16.06 15.46 13.66 M 9.685  9.163  8.887  2M
20 34 24.56 41 26 24.7 B1V              K07         "" 759 ""    5.85 0.36 0.29 3.68 0.13 0.21 4.39 0.08 0.06 9.4  0.40 2.20 3.52 6.48 0.57 9.3  0.20 2.30 2.32 7.68 2.32 16.74 16.32 14.65 M 10.873 10.377 10.112 2M
20 30 39.70 41 08 48.0 B0.7Ib           H03         "" ""  A23   7.38 0.39 0.22 5.42 0.14 0.17 4.42 0.06 0.07 26.3 5.00 5.80 7.04 1.70 0.85 33.8 5.10 10.4 4.36 2.97 0.69 ""    ""    ""    - 6.940  6.310  5.963  2M
20 33 47.88 41 20 41.7 B1III            MT91        26 642 ""    5.77 0.28 0.36 4.84 0.12 0.23 4.39 0.08 0.06 15.9 3.70 3.10 10   0    0    18.0 2.80 4.10 10   0    0    13.77 13.33 11.78 M 7.986  7.487  7.209  2M
20 33 15.51 41 27 32.9 B1III            K07         "" 469 ""    5.13 0.23 0.33 3.81 0.12 0.22 4.39 0.08 0.06 9.8  0.70 2.20 9.88 0.12 6.03 9.8  0.40 2.20 7.67 2.33 4.41 15.40 15.06 13.65 M 10.357 9.931  9.722  2M
20 33 46.85 41 08 01.9 B1III            K07         "" 635 ""    5.78 0.32 0.34 3.96 0.14 0.22 4.39 0.08 0.06 10.4 1.10 2.20 10   0    0    10.5 0.60 2.30 10   0    0    16.06 15.53 13.81 M 10.155 9.677  9.399  2M
20 31 22.03 41 31 28.0 B1I              MT91        2  083 ""    3.98 0.32 0.19 4.61 0.13 0.21 4.39 0.08 0.06 14.3 2.80 2.90 10   0    0    14.8 2.80 2.90 10   0    0    11.93 11.82 10.64 M 8.075  7.750  7.628  2M
20 33 30.81 41 15 22.7 B1Ib             MT91        18 556 ""    6.47 0.44 0.29 5.53 0.13 0.20 4.39 0.08 0.06 28.9 4.80 6.80 6.68 1.74 0.59 37.3 5.80 11.5 4.36 2.07 0.76 13.38 12.78 11.01 M 6.493  5.891  5.542  2M
20 31 56.27 41 33 05.3 B1.5V            MT91        "" 169 ""    4.41 0.24 0.26 3.31 0.21 0.21 4.36 0.09 0.08 7.8  0.10 2.30 0    10.0 0    7.7  0.20 2.20 0    10.0 0    15.38 15.11 13.90 M 11.122 10.793 10.612 2M
20 33 05.55 41 43 40.1 B1.5V            MT91        "" 403 ""    5.48 0.28 0.32 4.14 0.21 0.21 4.36 0.09 0.07 10.7 2.40 2.10 10   0    0    10.9 2.30 2.20 10   0    0    14.90 14.43 12.94 M 9.286  8.854  8.624  2M
20 33 34.36 41 18 11.6 B1.5V            MT91        "" 575 ""    6.73 0.35 0.34 4.49 0.22 0.20 4.36 0.09 0.08 12.6 3.30 2.20 10   0    0    13.4 3.00 2.70 10   0    0    15.61 15.18 13.41 M 9.098  8.419  7.847  2M
20 33 48.88 41 19 40.9 B1.5V            MT91        71 646 ""    5.11 0.27 0.31 3.83 0.20 0.20 4.36 0.09 0.07 9.3  1.30 2.00 10   0    0    9.2  1.40 1.90 10   0    0    15.12 14.73 13.34 M 10.028 9.624  9.369  2M
20 32 13.75 41 27 42.0 B1.5V            K07         "" 216 ""    4.28 0.23 0.25 3.61 0.21 0.21 4.36 0.09 0.08 8.7  0.60 2.30 10   0    0    8.3  0.80 1.90 8.94 1.06 4.47 14.48 14.20 13.02 M 10.347 10.041 9.858  2M
20 34 43.51 41 29 04.8 B1.5III          MT91        30 793 ""    5.73 0.25 0.37 4.52 0.21 0.22 4.36 0.09 0.07 12.7 3.60 2.40 10   0    0    13.6 3.60 2.60 10   0    0    14.13 13.83 12.29 M 8.614  8.116  7.701  2M
20 32 26.50 41 19 13.7 B1.5III+B1V      K07,K08     "" 252 ""    5.40 0.27 0.34 3.50 0.26 0.28 4.36 0.09 0.07 8.3  0.80 2.10 4.65 5.35 0.37 7.9  1.10 1.80 2.84 7.16 2.84 16.11 15.70 14.15 M 10.662 10.231 9.972  2M
20 32 46.74 41 26 15.9 B1.5III          K07         "" 325 ""    4.98 0.26 0.32 3.39 0.21 0.21 4.36 0.09 0.07 8.0  0.20 2.20 0    10.0 0    7.9  0.00 2.20 0    10.0 0    16.07 15.67 14.30 M 11.157 10.692 10.463 2M
20 33 18.55 41 15 35.4 B2Ve             K07         64 488 ""    8.27 0.62 0.31 4.38 0.25 0.16 4.34 0.06 0.08 11.6 2.90 1.93 10   0    0    12.0 3.00 1.80 10   0    0    18.17 17.24 14.88 M 9.406  8.578  7.984  2M
20 31 22.10 41 12 03.0 B2V              N08         "" ""  A30   6.27 0.18 0.13 4.06 0.25 0.16 4.34 0.07 0.08 10.0 2.00 1.93 10   0    0    10.2 1.80 1.80 10   0    0    ""    ""    ""    - 9.420  8.930  8.610  2M
20 32 27.30 40 55 18.0 B2V              H03         "" ""  A39   6.05 0.32 0.35 4.35 0.25 0.15 4.34 0.07 0.09 11.5 2.80 2.00 10   0    0    11.9 2.70 1.80 10   0    0    15.21 14.42 ""    U 8.630  8.140  7.857  2M
20 30 59.43 41 35 59.6 B2V              K07         "" 042 ""    4.58 0.25 0.27 3.35 0.22 0.16 4.34 0.06 0.08 7.7  0.40 1.90 0    10.0 0    7.7  0.10 2.00 0    10.0 0    ""    15.00 13.73 M 10.856 10.489 10.235 2M
20 31 30.49 41 37 15.6 B2V              K07         "" 097 ""    4.40 0.28 0.24 2.94 0.24 0.15 4.34 0.07 0.08 6.8  0.57 2.10 0    10.0 0    6.8  0.90 2.20 0    10.0 0    16.08 15.78 14.56 M 11.810 11.418 11.237 2M
20 32 03.01 41 32 30.7 B2Ve             K07         "" 186 ""    4.53 0.26 0.26 3.19 0.23 0.16 4.34 0.07 0.08 7.3  0.10 2.00 0    10.0 0    7.2  0.00 1.90 0    10.0 0    ""    15.34 14.14 M 11.212 10.849 10.634 2M
20 32 07.95 41 22 00.3 B2V              K07         "" 202 ""    4.92 0.30 0.27 3.23 0.23 0.17 4.34 0.07 0.09 7.4  0.00 2.00 0    10.0 0    7.3  0.00 1.90 0    10.0 0    16.21 15.75 14.40 M 11.183 10.786 10.568 2M
20 32 14.63 41 27 40.3 B2V              K07         "" 221 ""    4.67 0.27 0.25 3.43 0.24 0.16 4.34 0.07 0.09 8.0  0.60 2.00 5.15 4.85 5.15 7.6  0.60 1.60 3.00 7.00 3.00 ""    14.92 13.62 M 10.643 10.267 10.041 2M
20 32 19.66 41 20 39.7 B2V              K07         "" 234 ""    4.47 0.26 0.27 3.48 0.22 0.16 4.34 0.07 0.08 8.1  0.63 1.90 8.63 1.37 2.44 7.8  0.70 1.70 6.12 3.88 6.12 14.79 14.53 13.25 M 10.447 10.103 9.903  2M
20 32 22.15 41 27 41.7 B2V              K07         "" 241 ""    4.18 0.24 0.23 3.32 0.24 0.15 4.34 0.07 0.08 7.7  0.40 2.00 0    10.0 0    7.6  0.30 1.90 0    10.0 0    14.81 14.54 13.41 M 10.752 10.445 10.265 2M
20 32 25.50 41 24 51.8 B2V              K07         "" 248 ""    4.57 0.26 0.27 3.47 0.25 0.15 4.34 0.07 0.09 8.1  0.63 2.00 8.27 1.73 1.40 7.7  0.90 1.50 5.81 4.19 0.00 14.99 14.67 13.36 M 10.471 10.127 9.924  2M
20 32 32.68 41 27 04.4 B2V              K07         "" 275 ""    3.92 0.23 0.23 3.17 0.25 0.15 4.34 0.07 0.08 7.3  0.00 2.00 0    10.0 0    7.2  0.00 2.00 0    10.0 0    14.71 14.57 13.47 M 11.053 10.767 10.613 2M
20 32 37.78 41 26 15.3 B2V              K07         "" 295 ""    4.25 0.25 0.24 3.21 0.22 0.16 4.34 0.07 0.09 7.4  0.10 2.00 0    10.0 0    7.3  0.00 1.90 0    10.0 0    15.18 14.92 13.71 M 11.119 10.751 10.563 2M
20 32 42.90 41 20 16.4 B2V+B3V          K07,K12     "" 311 ""    4.95 0.31 0.25 3.29 0.34 0.24 4.34 0.07 0.08 7.6  1.20 2.00 0    10.0 0    7.5  0.80 1.90 0    10.0 0    15.76 15.26 13.87 M 10.675 10.212 10.004 2M
20 33 22.49 41 22 16.9 B2V              K07         "" 513 ""    5.07 0.30 0.27 3.33 0.25 0.16 4.34 0.07 0.09 7.7  0.30 2.10 0    10.0 0    7.6  0.13 1.80 0    10.0 0    16.10 15.68 14.26 M 10.948 10.551 10.315 2M
20 33 24.78 41 22 04.5 B2Ve             K07         "" 522 ""    4.90 0.27 0.27 3.34 0.24 0.16 4.34 0.07 0.09 7.7  0.40 2.00 0    10.0 0    7.6  0.20 1.90 0    10.0 0    15.84 15.44 14.06 M 10.916 10.506 10.288 2M
20 33 31.68 41 21 46.1 B2V              K07         "" 561 ""    4.67 0.26 0.26 3.38 0.25 0.15 4.34 0.07 0.09 7.8  0.60 1.90 2.13 7.87 2.13 7.7  0.30 1.90 0    10.0 0    15.34 15.03 13.73 M 10.847 10.372 10.156 2M
20 33 47.63 41 09 06.5 B2V              K07         "" 639 ""    5.94 0.36 0.30 3.60 0.23 0.15 4.34 0.07 0.08 8.4  1.10 1.83 10   0    0    8.2  1.10 1.50 10   0    0    16.97 16.14 14.37 M 10.495 10.014 9.711  2M
20 33 48.83 41 37 39.7 B2Ve             K07         "" 650 ""    5.70 0.39 0.26 3.35 0.23 0.15 4.34 0.07 0.08 7.7  0.40 1.90 0    10.0 0    7.7  0.20 1.90 0    10.0 0    16.70 16.47 14.94 M 11.069 10.619 10.332 2M
20 31 56.90 41 31 48.0 B2III            K12a        "" 174 ""    4.39 0.21 0.31 3.75 0.23 0.17 4.34 0.06 0.09 8.8  1.30 1.90 10   0    0    8.7  1.40 1.60 10   0    0    13.99 13.76 12.55 M 9.795  9.407  9.225  2M
20 32 26.10 41 29 39.0 B2III            K07         "" 250 ""    3.91 0.20 0.30 3.42 0.23 0.14 4.34 0.07 0.08 8.0  0.40 2.00 4.66 5.34 4.66 7.6  0.60 1.60 2.54 7.46 2.54 14.10 13.94 12.88 M 10.427 10.150 9.993  2M
20 32 27.26 41 21 56.2 B2III            K07         "" 255 ""    5.06 0.30 0.30 3.15 0.24 0.14 4.34 0.07 0.08 7.2  0.00 2.00 0    10.0 0    7.2  0.30 2.00 0    10.0 0    16.65 16.13 14.71 M 11.473 11.002 10.762 2M
20 32 30.72 41 07 04.1 B2III            K07         "" 264 ""    3.56 0.18 0.27 3.37 0.24 0.15 4.34 0.07 0.08 7.7  0.50 1.80 1.25 8.75 1.25 7.7  0.40 1.90 0    10.0 0    13.85 13.62 12.63 M 10.480 10.238 10.096 2M
20 33 11.39 41 17 58.9 B2III            K07         "" 441 ""    5.18 0.28 0.33 3.31 0.24 0.15 4.34 0.07 0.08 7.6  0.30 1.90 0    10.0 0    7.5  0.10 1.90 0    10.0 0    16.36 15.90 14.38 M 11.044 10.615 10.392 2M
20 33 48.40 41 13 14.1 B2III            K07         "" 645 ""    6.19 0.36 0.36 3.58 0.24 0.15 4.34 0.07 0.08 8.4  1.00 1.90 10   0    0    8.1  1.00 1.60 10   0    0    17.09 16.52 14.65 M 10.583 10.067 9.781  2M
20 30 50.75 41 35 06.0 B2II             MT91        "" 021 ""    4.42 0.29 0.27 3.32 0.24 0.15 4.34 0.07 0.08 7.7  0.20 2.00 0    10.0 0    7.6  0.20 1.90 0    10.0 0    15.23 15.04 13.74 M 10.859 10.504 10.299 2M
20 32 46.45 41 24 22.4 B2.5V            K07         "" 322 ""    4.85 0.33 0.22 2.96 0.20 0.16 4.29 0.09 0.06 6.1  0.10 1.30 0    10.0 0    6.1  0.00 1.30 0    10.0 0    16.73 16.24 14.91 M 11.824 11.329 11.080 2M
20 32 31.42 41 30 51.4 B2.5V            K07         "" 268 ""    5.19 0.30 0.29 3.30 0.20 0.15 4.29 0.08 0.06 6.8  0.80 1.20 10   0    0    6.6  0.90 0.90 10   0    0    16.51 15.81 14.38 M 10.941 10.475 10.244 2M
20 32 54.35 41 15 22.1 B3V              K07         37 358 ""    6.55 0.49 0.25 3.52 0.18 0.14 4.25 0.10 0.03 7.0  1.40 0.90 10   0    0    7.0  1.30 0.80 10   0    0    17.76 16.97 14.81 M 10.525 9.963  9.662  2M
20 31 33.59 41 36 04.3 B3V              K07         "" 106 ""    4.58 0.30 0.23 2.92 0.17 0.15 4.25 0.10 0.03 5.6  0.43 0.90 10   0    0    5.5  0.40 0.90 10   0    0    16.32 15.89 14.60 M 11.624 11.194 11.002 2M
20 31 41.60 41 28 20.9 B3V              K07         "" 129 ""    4.72 0.31 0.25 3.06 0.17 0.16 4.25 0.10 0.03 5.9  0.60 0.90 10   0    0    5.8  0.50 0.80 10   0    0    16.29 15.74 14.40 M 11.322 10.893 10.674 2M
20 31 55.28 41 35 27.8 B3V              K07         "" 164 ""    4.54 0.32 0.21 2.73 0.17 0.16 4.25 0.10 0.03 5.3  0.20 0.90 0    10.0 0    5.2  0.20 0.80 0    10.0 0    16.84 16.32 15.07 M 12.067 11.668 11.476 2M
20 31 59.82 41 37 14.3 B3V              K07         "" 179 ""    5.02 0.31 0.26 3.33 0.17 0.17 4.25 0.10 0.03 6.4  1.20 0.80 10   0    0    6.5  1.00 0.90 10   0    0    ""    15.46 14.00 M 10.671 10.267 10.029 2M
20 32 06.85 41 17 56.8 B3V              K07         "" 200 ""    6.41 0.42 0.31 3.87 0.18 0.16 4.25 0.10 0.03 8.0  2.00 0.90 10   0    0    8.5  1.30 1.20 10   0    0    16.86 15.92 13.94 M 9.624  9.070  8.786  2M
20 32 15.03 41 19 30.8 B3V              K07         "" 222 ""    5.02 0.35 0.21 3.00 0.18 0.15 4.25 0.10 0.03 5.8  0.50 0.90 10   0    0    5.7  0.50 0.90 10   0    0    ""    16.27 14.80 M 11.496 11.089 10.831 2M
20 32 38.34 41 28 56.6 B3V              K07         "" 298 ""    4.47 0.29 0.23 2.95 0.17 0.16 4.25 0.10 0.03 5.7  0.40 0.90 10   0    0    5.5  0.50 0.80 10   0    0    16.05 15.68 14.43 M 11.542 11.105 10.916 2M
20 33 33.38 41 08 36.3 B3V              K07         "" 568 ""    6.71 0.50 0.27 3.63 0.18 0.17 4.25 0.10 0.03 7.3  1.60 1.00 10   0    0    7.4  1.20 0.90 10   0    0    17.78 16.92 14.76 M 10.275 9.747  9.419  2M
20 31 34.12 41 31 08.0 B3IV             K07         "" 108 ""    4.53 0.33 0.21 2.64 0.17 0.16 4.25 0.10 0.03 5.1  0.10 0.80 0    10.0 0    5.1  0.10 0.80 0    10.0 0    17.25 16.54 15.29 U 12.317 11.910 11.708 2M
20 32 04.74 41 28 44.5 B3IV             K07         "" 191 ""    3.83 0.23 0.25 2.94 0.17 0.16 4.25 0.10 0.03 5.6  0.40 0.80 10   0    0    5.5  0.40 0.80 10   0    0    15.13 14.85 13.81 M 11.293 11.027 10.881 2M
20 32 49.67 41 25 36.4 B3III            K07         "" 336 ""    4.23 0.20 0.31 2.97 0.16 0.16 4.25 0.10 0.03 5.7  0.40 0.80 10   0    0    5.6  0.40 0.90 10   0    0    15.54 15.30 14.13 M 11.428 11.048 10.838 2M
20 33 33.97 41 19 38.4 B3I              K07         "" 573 ""    5.25 0.42 0.22 3.58 0.17 0.15 4.25 0.10 0.03 7.1  1.50 0.80 10   0    0    7.2  1.30 0.90 10   0    0    15.95 15.49 13.87 M 10.268 9.658  9.420  2M
20 32 40.88 41 14 29.3 B3.5Ia+          MT91        12 304 ""    10.2 0.02 0.02 6.09 ""   ""   4.14 0.02 0.02 110  27.0 27.0 3.0  0.50 0.50 110  27.0 27.0 3.0  0.50 0.50 17.18 14.81 11.46 M 4.667  3.512  2.704  2M
20 32 21.76 41 34 24.6 B4V              K07         "" 239 ""    3.92 0.26 0.20 2.63 0.18 0.11 4.22 0.08 0.02 4.7  0.60 0.40 2.66 7.34 2.66 4.7  0.60 0.40 0    10.0 0    15.81 15.47 14.33 M 11.811 11.511 11.292 2M
20 32 32.34 41 22 57.6 B4V              K07         "" 271 ""    5.14 0.33 0.25 3.02 0.19 0.11 4.22 0.08 0.02 5.4  0.90 0.40 10   0    0    5.5  0.70 0.60 10   0    0    16.62 16.08 14.57 M 11.118 10.641 10.406 2M
20 33 10.27 41 23 44.9 B4III            K07         "" 427 ""    ""   ""   ""   ""   ""   ""   ""   ""   ""   ""   ""   ""   ""   ""   ""   ""   ""   ""   ""   ""   ""   16.67 16.36 14.97 M 14.465 12.602 12.332 U
20 31 56.23 41 35 12.3 B5V              K07         "" 170 ""    ""   ""   ""   ""   ""   ""   ""   ""   ""   ""   ""   ""   ""   ""   ""   ""   ""   ""   ""   ""   ""   17.86 17.10 16.11 U 15.633 13.486 13.218 U
20 32 32.54 41 26 46.7 B5V              K07         "" 273 ""    4.53 0.34 0.17 2.49 0.16 0.10 4.20 0.07 0.01 4.3  0.70 0.10 3.92 6.08 3.92 4.4  0.50 0.20 0    10.0 0    16.82 16.48 14.91 M 12.048 11.668 11.462 2M
20 33 11.81 41 24 05.8 B5V              K07         "" 444 ""    5.25 0.31 0.28 3.22 0.16 0.12 4.20 0.07 0.01 5.7  0.80 0.40 10   0    0    5.9  0.60 0.50 10   0    0    ""    15.60 14.12 M 10.416 9.951  9.703  2M
20 33 13.37 41 26 39.7 B5V              K07         "" 453 ""    4.27 0.26 0.22 2.71 0.15 0.11 4.20 0.07 0.01 4.7  0.60 0.23 10   0    0    4.6  0.70 0.20 10   0    0    16.04 15.59 14.45 M 11.493 11.093 10.902 2M
20 33 14.34 41 19 33.0 B5V              K07         "" 459 ""    6.65 0.47 0.24 3.45 0.15 0.11 4.20 0.07 0.01 6.2  0.90 0.40 10   0    0    6.5  0.80 0.60 10   0    0    17.66 16.84 14.80 U 10.188 9.566  9.239  2M
20 33 47.58 41 29 57.7 B5V              K07         "" 641 ""    5.71 0.37 0.29 3.39 0.15 0.12 4.20 0.07 0.01 6.1  0.90 0.50 10   0    0    6.3  0.60 0.50 10   0    0    16.50 15.78 14.27 M 10.091 9.627  9.328  2M
20 33 19.26 41 24 44.8 B5IV             K07         "" 493 ""    5.56 0.39 0.27 2.98 0.16 0.10 4.20 0.07 0.01 5.2  0.80 0.30 10   0    0    5.2  0.80 0.40 10   0    0    17.05 16.60 14.99 M 11.129 10.627 10.331 2M
