   6.0000000E+00   0.0000000E+00   0.0000000E+00   0.0000000E+00   0.0000000E+00   0.0000000E+00   0.0000000E+00   0.0000000E+00   0.0000000E+00   0.0000000E+00   0.0000000E+00   0.0000000E+00   0.0000000E+00   0.0000000E+00   0.0000000E+00   0.0000000E+00   0.0000000E+00   1.1220190E+06
   6.0999999E+00   0.0000000E+00   0.0000000E+00   0.0000000E+00   0.0000000E+00   0.0000000E+00   0.0000000E+00   0.0000000E+00   0.0000000E+00   0.0000000E+00   0.0000000E+00   0.0000000E+00   0.0000000E+00   0.0000000E+00   0.0000000E+00   0.0000000E+00   0.0000000E+00   2.9052012E+05
   6.1999998E+00   0.0000000E+00   0.0000000E+00   0.0000000E+00   0.0000000E+00   0.0000000E+00   0.0000000E+00   0.0000000E+00   0.0000000E+00   0.0000000E+00   0.0000000E+00   0.0000000E+00   0.0000000E+00   0.0000000E+00   0.0000000E+00   0.0000000E+00   0.0000000E+00   3.6574312E+05
   6.3000002E+00   0.0000000E+00   0.0000000E+00   0.0000000E+00   0.0000000E+00   0.0000000E+00   0.0000000E+00   0.0000000E+00   0.0000000E+00   0.0000000E+00   0.0000000E+00   0.0000000E+00   0.0000000E+00   0.0000000E+00   0.0000000E+00   0.0000000E+00   0.0000000E+00   4.6044362E+05
   6.4000001E+00   0.0000000E+00   0.0000000E+00   0.0000000E+00   3.8478956E+00   0.0000000E+00   0.0000000E+00   5.1097336E+00   0.0000000E+00   0.0000000E+00   0.0000000E+00   0.0000000E+00   4.9676117E-01   0.0000000E+00   0.0000000E+00   8.0791980E-01   0.0000000E+00   5.7966400E+05
   6.5000000E+00   0.0000000E+00   0.0000000E+00   0.0000000E+00   1.6770992E+02   0.0000000E+00   1.5739638E-01   1.5442351E+00   0.0000000E+00   0.0000000E+00   0.0000000E+00   0.0000000E+00   5.3247952E+00   0.0000000E+00   4.9773104E-02   4.4578227E-01   0.0000000E+00   7.2975375E+05
   6.5999999E+00   0.0000000E+00   0.0000000E+00   1.2647943E+01   1.3031215E+02   4.8225700E+01   7.1016049E+00   8.6163425E-01   0.0000000E+00   0.0000000E+00   0.0000000E+00   1.6328423E+00   5.7703190E+00   3.3438506E+00   7.2480452E-01   3.5176069E-01   0.0000000E+00   9.1870550E+05
   6.6999998E+00   0.0000000E+00   8.6346322E-01   2.8315350E+02   2.2792044E+01   2.1505259E+01   1.6812277E+01   0.0000000E+00   0.0000000E+00   0.0000000E+00   6.1056072E-01   1.2230369E+01   2.6860683E+00   3.0113385E+00   9.8725086E-01   0.0000000E+00   0.0000000E+00   1.1565815E+06
   6.8000002E+00   0.0000000E+00   0.0000000E+00   4.5620502E+02   2.8262653E+01   4.6379743E-08   4.6808853E+01   0.0000000E+00   0.0000000E+00   0.0000000E+00   0.0000000E+00   1.6884905E+01   3.7767558E+00   4.6379743E-08   2.5925026E+00   0.0000000E+00   0.0000000E+00   1.4560505E+06
   6.9000001E+00   0.0000000E+00   4.7637119E+00   3.8133783E+02   1.8969076E+01   3.1184624E-09   4.5519390E+01   0.0000000E+00   0.0000000E+00   0.0000000E+00   1.2731556E+00   1.3887505E+01   3.0374832E+00   3.1184624E-09   2.0820086E+00   0.0000000E+00   0.0000000E+00   1.8330585E+06
   7.0000000E+00   0.0000000E+00   1.9908228E+02   4.7292160E+02   1.0433830E+00   0.0000000E+00   4.1283287E+01   0.0000000E+00   0.0000000E+00   0.0000000E+00   1.0626225E+01   1.2471242E+01   4.6661505E-01   0.0000000E+00   2.0413270E+00   0.0000000E+00   0.0000000E+00   2.3076840E+06
   7.0999999E+00   0.0000000E+00   2.6110635E+02   3.6215323E+02   1.4234416E-07   0.0000000E+00   5.0217663E+01   0.0000000E+00   0.0000000E+00   0.0000000E+00   1.4619149E+01   1.3668592E+01   6.3658241E-08   0.0000000E+00   1.4186686E+00   0.0000000E+00   0.0000000E+00   2.9052020E+06
   7.1999998E+00   0.0000000E+00   3.8199942E+02   4.2387552E+02   3.4605486E-07   0.0000000E+00   2.7285030E+01   0.0000000E+00   0.0000000E+00   0.0000000E+00   2.3204811E+01   1.8534782E+01   3.4605486E-07   0.0000000E+00   1.1655588E+00   0.0000000E+00   0.0000000E+00   3.6574310E+06
   7.3000002E+00   0.0000000E+00   1.6757295E+02   2.8771198E+02   0.0000000E+00   0.0000000E+00   1.5544269E+01   0.0000000E+00   0.0000000E+00   0.0000000E+00   2.1816141E+01   1.6751240E+01   0.0000000E+00   0.0000000E+00   1.4131154E+00   0.0000000E+00   0.0000000E+00   4.6044380E+06
   7.4000001E+00   0.0000000E+00   5.4342133E+02   5.0926419E+02   2.4631922E+01   0.0000000E+00   1.0133500E-02   0.0000000E+00   0.0000000E+00   0.0000000E+00   4.0617218E+01   2.4587507E+01   5.0279698E+00   0.0000000E+00   5.8505791E-03   0.0000000E+00   0.0000000E+00   5.7966420E+06
   7.5000000E+00   0.0000000E+00   7.0892395E+02   3.2610110E+02   5.5365650E+01   0.0000000E+00   0.0000000E+00   0.0000000E+00   3.4250420E+01   0.0000000E+00   3.9203583E+01   1.7480854E+01   6.8150401E+00   0.0000000E+00   0.0000000E+00   0.0000000E+00   4.9959369E+00   7.2975400E+06
   7.5999999E+00   0.0000000E+00   9.0802985E+02   2.1464720E+02   2.0400709E+01   0.0000000E+00   0.0000000E+00   0.0000000E+00   6.8468956E+01   0.0000000E+00   5.0137558E+01   1.5867178E+01   5.4523187E+00   0.0000000E+00   0.0000000E+00   0.0000000E+00   8.4279451E+00   9.1870520E+06
   7.6999998E+00   0.0000000E+00   1.0348060E+03   1.9980766E+02   0.0000000E+00   0.0000000E+00   0.0000000E+00   0.0000000E+00   3.5452769E+00   0.0000000E+00   5.8963547E+01   1.8713703E+01   0.0000000E+00   0.0000000E+00   0.0000000E+00   0.0000000E+00   2.5068893E+00   1.1565812E+07
   7.8000002E+00   0.0000000E+00   9.4142859E+02   6.4106903E+01   4.9619141E+00   0.0000000E+00   0.0000000E+00   0.0000000E+00   3.1821797E+00   0.0000000E+00   6.7244896E+01   1.1904353E+01   3.5086031E+00   0.0000000E+00   0.0000000E+00   0.0000000E+00   2.2501409E+00   1.4560508E+07
   7.9000001E+00   0.0000000E+00   3.0599472E+02   1.6984701E+01   0.0000000E+00   0.0000000E+00   0.0000000E+00   0.0000000E+00   3.5389450E+00   0.0000000E+00   5.6821793E+01   6.9339747E+00   0.0000000E+00   0.0000000E+00   0.0000000E+00   0.0000000E+00   3.5389450E+00   1.8330592E+07
   8.0000000E+00   0.0000000E+00   8.8951469E+01   1.1692877E+01   0.0000000E+00   0.0000000E+00   0.0000000E+00   0.0000000E+00   6.4239960E+00   0.0000000E+00   1.8547663E+01   6.7508855E+00   0.0000000E+00   0.0000000E+00   0.0000000E+00   0.0000000E+00   4.5424514E+00   2.3076840E+07
   8.1000004E+00   0.0000000E+00   5.1216942E+01   0.0000000E+00   0.0000000E+00   0.0000000E+00   0.0000000E+00   0.0000000E+00   0.0000000E+00   0.0000000E+00   1.8107924E+01   0.0000000E+00   0.0000000E+00   0.0000000E+00   0.0000000E+00   0.0000000E+00   0.0000000E+00   2.9052040E+07
   8.1999998E+00   0.0000000E+00   4.1867260E+01   0.0000000E+00   0.0000000E+00   0.0000000E+00   0.0000000E+00   0.0000000E+00   0.0000000E+00   0.0000000E+00   1.7092237E+01   0.0000000E+00   0.0000000E+00   0.0000000E+00   0.0000000E+00   0.0000000E+00   0.0000000E+00   3.6574304E+07
   8.3000002E+00   1.8202094E+00   0.0000000E+00   0.0000000E+00   0.0000000E+00   0.0000000E+00   0.0000000E+00   0.0000000E+00   0.0000000E+00   1.2870824E+00   0.0000000E+00   0.0000000E+00   0.0000000E+00   0.0000000E+00   0.0000000E+00   0.0000000E+00   0.0000000E+00   4.6044368E+07
   8.3999996E+00   3.5749382E+01   0.0000000E+00   0.0000000E+00   0.0000000E+00   0.0000000E+00   0.0000000E+00   0.0000000E+00   0.0000000E+00   7.6217937E+00   0.0000000E+00   0.0000000E+00   0.0000000E+00   0.0000000E+00   0.0000000E+00   0.0000000E+00   0.0000000E+00   5.7966480E+07
   8.5000000E+00   2.8283846E+01   0.0000000E+00   0.0000000E+00   0.0000000E+00   0.0000000E+00   0.0000000E+00   0.0000000E+00   0.0000000E+00   1.0690289E+01   0.0000000E+00   0.0000000E+00   0.0000000E+00   0.0000000E+00   0.0000000E+00   0.0000000E+00   0.0000000E+00   7.2975360E+07
   8.6000004E+00   3.8674736E+01   0.0000000E+00   0.0000000E+00   0.0000000E+00   0.0000000E+00   0.0000000E+00   0.0000000E+00   0.0000000E+00   9.3800011E+00   0.0000000E+00   0.0000000E+00   0.0000000E+00   0.0000000E+00   0.0000000E+00   0.0000000E+00   0.0000000E+00   9.1870656E+07
   8.6999998E+00   1.0947169E+02   0.0000000E+00   0.0000000E+00   0.0000000E+00   0.0000000E+00   0.0000000E+00   0.0000000E+00   0.0000000E+00   1.6140720E+01   0.0000000E+00   0.0000000E+00   0.0000000E+00   0.0000000E+00   0.0000000E+00   0.0000000E+00   0.0000000E+00   1.1565811E+08
   8.8000002E+00   7.9514168E+01   0.0000000E+00   0.0000000E+00   0.0000000E+00   0.0000000E+00   0.0000000E+00   0.0000000E+00   0.0000000E+00   1.5902834E+01   0.0000000E+00   0.0000000E+00   0.0000000E+00   0.0000000E+00   0.0000000E+00   0.0000000E+00   0.0000000E+00   1.4560512E+08
   8.8999996E+00   4.1694969E+01   0.0000000E+00   0.0000000E+00   0.0000000E+00   0.0000000E+00   0.0000000E+00   0.0000000E+00   0.0000000E+00   9.8275986E+00   0.0000000E+00   0.0000000E+00   0.0000000E+00   0.0000000E+00   0.0000000E+00   0.0000000E+00   0.0000000E+00   1.8330605E+08
   9.0000000E+00   6.0835480E+01   0.0000000E+00   0.0000000E+00   0.0000000E+00   0.0000000E+00   0.0000000E+00   0.0000000E+00   0.0000000E+00   1.2685074E+01   0.0000000E+00   0.0000000E+00   0.0000000E+00   0.0000000E+00   0.0000000E+00   0.0000000E+00   0.0000000E+00   2.3076838E+08
   9.1000004E+00   9.9241524E+01   0.0000000E+00   0.0000000E+00   0.0000000E+00   0.0000000E+00   0.0000000E+00   0.0000000E+00   0.0000000E+00   2.0693287E+01   0.0000000E+00   0.0000000E+00   0.0000000E+00   0.0000000E+00   0.0000000E+00   0.0000000E+00   0.0000000E+00   2.9052045E+08
   9.1999998E+00   1.9964128E+02   0.0000000E+00   0.0000000E+00   0.0000000E+00   0.0000000E+00   0.0000000E+00   0.0000000E+00   0.0000000E+00   2.7685265E+01   0.0000000E+00   0.0000000E+00   0.0000000E+00   0.0000000E+00   0.0000000E+00   0.0000000E+00   0.0000000E+00   3.6574310E+08
   9.3000002E+00   2.4214764E+02   0.0000000E+00   0.0000000E+00   0.0000000E+00   0.0000000E+00   0.0000000E+00   0.0000000E+00   0.0000000E+00   3.5702721E+01   0.0000000E+00   0.0000000E+00   0.0000000E+00   0.0000000E+00   0.0000000E+00   0.0000000E+00   0.0000000E+00   4.6044365E+08
   9.3999996E+00   2.7044955E+02   0.0000000E+00   0.0000000E+00   0.0000000E+00   0.0000000E+00   0.0000000E+00   0.0000000E+00   0.0000000E+00   3.9036030E+01   0.0000000E+00   0.0000000E+00   0.0000000E+00   0.0000000E+00   0.0000000E+00   0.0000000E+00   0.0000000E+00   5.7966490E+08
   9.5000000E+00   9.4791046E+01   0.0000000E+00   0.0000000E+00   0.0000000E+00   0.0000000E+00   0.0000000E+00   0.0000000E+00   0.0000000E+00   1.9349140E+01   0.0000000E+00   0.0000000E+00   0.0000000E+00   0.0000000E+00   0.0000000E+00   0.0000000E+00   0.0000000E+00   7.2975386E+08
   9.6000004E+00   9.1958542E+01   0.0000000E+00   0.0000000E+00   0.0000000E+00   0.0000000E+00   0.0000000E+00   0.0000000E+00   0.0000000E+00   2.5504711E+01   0.0000000E+00   0.0000000E+00   0.0000000E+00   0.0000000E+00   0.0000000E+00   0.0000000E+00   0.0000000E+00   9.1870618E+08
   9.6999998E+00   6.7587639E+01   0.0000000E+00   0.0000000E+00   0.0000000E+00   0.0000000E+00   0.0000000E+00   0.0000000E+00   0.0000000E+00   2.1373087E+01   0.0000000E+00   0.0000000E+00   0.0000000E+00   0.0000000E+00   0.0000000E+00   0.0000000E+00   0.0000000E+00   1.1565814E+09
   9.8000002E+00   1.0255337E+01   0.0000000E+00   0.0000000E+00   0.0000000E+00   0.0000000E+00   0.0000000E+00   0.0000000E+00   0.0000000E+00   5.1276684E+00   0.0000000E+00   0.0000000E+00   0.0000000E+00   0.0000000E+00   0.0000000E+00   0.0000000E+00   0.0000000E+00   1.4560507E+09
   9.8999996E+00   0.0000000E+00   0.0000000E+00   0.0000000E+00   0.0000000E+00   0.0000000E+00   0.0000000E+00   0.0000000E+00   0.0000000E+00   0.0000000E+00   0.0000000E+00   0.0000000E+00   0.0000000E+00   0.0000000E+00   0.0000000E+00   0.0000000E+00   0.0000000E+00   1.8330614E+09
   1.0000000E+01   2.7697495E+01   0.0000000E+00   0.0000000E+00   0.0000000E+00   0.0000000E+00   0.0000000E+00   0.0000000E+00   0.0000000E+00   9.7925434E+00   0.0000000E+00   0.0000000E+00   0.0000000E+00   0.0000000E+00   0.0000000E+00   0.0000000E+00   0.0000000E+00   2.3076833E+09
   1.0100000E+01   1.4399010E+01   0.0000000E+00   0.0000000E+00   0.0000000E+00   0.0000000E+00   0.0000000E+00   0.0000000E+00   0.0000000E+00   4.5533667E+00   0.0000000E+00   0.0000000E+00   0.0000000E+00   0.0000000E+00   0.0000000E+00   0.0000000E+00   0.0000000E+00   2.9051986E+09
   1.0200001E+01   1.5718735E+01   0.0000000E+00   0.0000000E+00   0.0000000E+00   0.0000000E+00   0.0000000E+00   0.0000000E+00   0.0000000E+00   3.0826974E+00   0.0000000E+00   0.0000000E+00   0.0000000E+00   0.0000000E+00   0.0000000E+00   0.0000000E+00   0.0000000E+00   3.6574310E+09
   1.0300000E+01   2.6693501E+01   0.0000000E+00   0.0000000E+00   0.0000000E+00   0.0000000E+00   0.0000000E+00   0.0000000E+00   0.0000000E+00   6.6733751E+00   0.0000000E+00   0.0000000E+00   0.0000000E+00   0.0000000E+00   0.0000000E+00   0.0000000E+00   0.0000000E+00   4.6044365E+09
   1.0400000E+01   2.1823078E+01   0.0000000E+00   0.0000000E+00   0.0000000E+00   0.0000000E+00   0.0000000E+00   0.0000000E+00   0.0000000E+00   6.9010630E+00   0.0000000E+00   0.0000000E+00   0.0000000E+00   0.0000000E+00   0.0000000E+00   0.0000000E+00   0.0000000E+00   5.7966490E+09
   1.0500000E+01   3.0717638E+01   0.0000000E+00   0.0000000E+00   0.0000000E+00   0.0000000E+00   0.0000000E+00   0.0000000E+00   0.0000000E+00   8.8674183E+00   0.0000000E+00   0.0000000E+00   0.0000000E+00   0.0000000E+00   0.0000000E+00   0.0000000E+00   0.0000000E+00   7.2975380E+09
   1.0600000E+01   3.5572575E+01   0.0000000E+00   0.0000000E+00   0.0000000E+00   0.0000000E+00   0.0000000E+00   0.0000000E+00   0.0000000E+00   8.8931437E+00   0.0000000E+00   0.0000000E+00   0.0000000E+00   0.0000000E+00   0.0000000E+00   0.0000000E+00   0.0000000E+00   9.1870454E+09
   1.0700001E+01   4.2707390E+01   0.0000000E+00   0.0000000E+00   0.0000000E+00   0.0000000E+00   0.0000000E+00   0.0000000E+00   0.0000000E+00   1.2328562E+01   0.0000000E+00   0.0000000E+00   0.0000000E+00   0.0000000E+00   0.0000000E+00   0.0000000E+00   0.0000000E+00   1.1565810E+10
   1.0800000E+01   2.2439152E+01   0.0000000E+00   0.0000000E+00   0.0000000E+00   0.0000000E+00   0.0000000E+00   0.0000000E+00   0.0000000E+00   7.9334383E+00   0.0000000E+00   0.0000000E+00   0.0000000E+00   0.0000000E+00   0.0000000E+00   0.0000000E+00   0.0000000E+00   1.4560510E+10
   1.0900000E+01   2.5835752E+01   0.0000000E+00   0.0000000E+00   0.0000000E+00   0.0000000E+00   0.0000000E+00   0.0000000E+00   0.0000000E+00   1.2917876E+01   0.0000000E+00   0.0000000E+00   0.0000000E+00   0.0000000E+00   0.0000000E+00   0.0000000E+00   0.0000000E+00   1.8330608E+10
   1.1000000E+01   1.1645883E+01   0.0000000E+00   0.0000000E+00   0.0000000E+00   0.0000000E+00   0.0000000E+00   0.0000000E+00   0.0000000E+00   4.7544117E+00   0.0000000E+00   0.0000000E+00   0.0000000E+00   0.0000000E+00   0.0000000E+00   0.0000000E+00   0.0000000E+00   2.3076839E+10
