1.898017499724343885e+06
6.613643895304639824e+06
1.013404930377567112e+08
2.529378703887580335e+08
2.188715102975060046e+08
7.133393227852717042e+07
5.180809511414620094e+06
1.900668549572609132e+06
9.449413229512913385e+05
3.132873348456712905e+06
3.494773451435890794e+07
1.539344150514268577e+08
2.591750126351225078e+08
1.812719809191099405e+08
5.828145960363354534e+07
8.310893179783077538e+07
2.406905250680681467e+08
3.431629345326596498e+08
2.148373865400318801e+08
6.178211190258140117e+07
3.444924186886582902e+03
4.652675194033235130e+03
6.135245116662948931e+03
8.921814532397440416e+03
1.187686094580282952e+04
5.140101900019279681e+06
1.598501927755525894e+07
3.413247581731524318e+07
1.412436239972358644e+08
2.746292096506180763e+08
3.475380104306776524e+08
2.372409758951570988e+08
1.143994466743750125e+08
4.375195004870704561e+07
2.406089476306077838e+07
6.466979636092504486e+06
1.996554813465869799e+07
4.381923272123599052e+07
6.830094260361076891e+07
9.528545269281479716e+07
1.225295796604776680e+08
2.140122960232509673e+08
3.958288286107804179e+08
5.682799866570549011e+08
4.693985690363469124e+08
2.487406646505458057e+08
6.496772830645547062e+07
5.917142313386149704e+07
7.682550671605306864e+07
7.722556821790249646e+07
5.423030857905606180e+07
4.615112632052329183e+07
2.469884193861654103e+08
5.147560841387540102e+08
7.237111768701033592e+08
7.985437716079620123e+08
8.634157899405760765e+08
8.400349119004824162e+08
7.833776721411261559e+08
9.134545270767635107e+08
1.379934535561555147e+09
2.052508059806469917e+09
4.054168412242646217e+09
6.289382866480980873e+09
8.068961528078067780e+09
9.614836048945835114e+09
1.086510631637189484e+10
1.178676658078428650e+10
1.240489781873317337e+10
1.249074781072700691e+10
1.291443876002299881e+10
1.403380462818494415e+10
1.550836773820066452e+10
1.754380209601784897e+10
2.027986852631450272e+10
2.354020163842153549e+10
2.339519038191473007e+10
2.253987631405536270e+10
2.485358245537160110e+10
3.287375311751050186e+10
4.365628127073893738e+10
4.038754221447948456e+10
3.761471187461201477e+10
4.014469553744152069e+10
5.064578541845717621e+10
6.140273635593661499e+10
4.639797608456452942e+10
4.173920979569200134e+10
4.282918057169171906e+10
3.881758735535346222e+10
3.909247644944806671e+10
2.689067264866403961e+10
1.554046606469281006e+10
1.511003738644381905e+10
1.972372382090229988e+08
0.000000000000000000e+00
0.000000000000000000e+00
0.000000000000000000e+00
0.000000000000000000e+00
