   6.0000000E+00   0.0000000E+00   0.0000000E+00   0.0000000E+00   0.0000000E+00   0.0000000E+00   0.0000000E+00   0.0000000E+00   0.0000000E+00   0.0000000E+00   0.0000000E+00   0.0000000E+00   0.0000000E+00   0.0000000E+00   0.0000000E+00   0.0000000E+00   0.0000000E+00   1.1220190E+06
   6.0999999E+00   0.0000000E+00   0.0000000E+00   0.0000000E+00   0.0000000E+00   0.0000000E+00   0.0000000E+00   0.0000000E+00   0.0000000E+00   0.0000000E+00   0.0000000E+00   0.0000000E+00   0.0000000E+00   0.0000000E+00   0.0000000E+00   0.0000000E+00   0.0000000E+00   2.9052012E+05
   6.1999998E+00   0.0000000E+00   0.0000000E+00   0.0000000E+00   0.0000000E+00   0.0000000E+00   0.0000000E+00   0.0000000E+00   0.0000000E+00   0.0000000E+00   0.0000000E+00   0.0000000E+00   0.0000000E+00   0.0000000E+00   0.0000000E+00   0.0000000E+00   0.0000000E+00   3.6574312E+05
   6.3000002E+00   0.0000000E+00   0.0000000E+00   0.0000000E+00   0.0000000E+00   0.0000000E+00   0.0000000E+00   0.0000000E+00   0.0000000E+00   0.0000000E+00   0.0000000E+00   0.0000000E+00   0.0000000E+00   0.0000000E+00   0.0000000E+00   0.0000000E+00   0.0000000E+00   4.6044362E+05
   6.4000001E+00   0.0000000E+00   0.0000000E+00   5.1329070E-01   1.8787289E+00   2.9275007E+00   0.0000000E+00   3.2821238E+00   0.0000000E+00   0.0000000E+00   0.0000000E+00   2.5664535E-01   3.3211547E-01   4.3163642E-01   0.0000000E+00   6.4367741E-01   0.0000000E+00   5.7966400E+05
   6.5000000E+00   0.0000000E+00   0.0000000E+00   2.4335170E-01   3.9729069E+01   6.5560135E+01   2.0240802E-01   2.7040720E-01   0.0000000E+00   0.0000000E+00   0.0000000E+00   1.7207564E-01   2.5026960E+00   3.5819328E+00   4.6435583E-02   1.9120677E-01   0.0000000E+00   7.2975375E+05
   6.5999999E+00   0.0000000E+00   4.0306199E-01   5.3421450E-01   1.7576662E+01   2.3657863E+02   1.1760952E+00   7.3369652E-01   0.0000000E+00   0.0000000E+00   2.8500786E-01   2.6710725E-01   1.9410175E+00   7.9256825E+00   1.1015141E-01   2.9953033E-01   0.0000000E+00   9.1870550E+05
   6.6999998E+00   0.0000000E+00   7.6527911E-01   1.3782117E+01   1.0820626E+02   1.3292381E+02   1.7709995E+01   0.0000000E+00   0.0000000E+00   0.0000000E+00   5.4113406E-01   2.6045754E+00   7.1349096E+00   7.8599496E+00   1.2250260E+00   0.0000000E+00   0.0000000E+00   1.1565815E+06
   6.8000002E+00   0.0000000E+00   3.2949057E+00   2.8806821E+02   9.6371841E+01   4.3108421E+01   4.2629055E+01   0.0000000E+00   0.0000000E+00   0.0000000E+00   1.1649251E+00   1.4403410E+01   7.7159224E+00   4.4943633E+00   2.0117893E+00   0.0000000E+00   0.0000000E+00   1.4560505E+06
   6.9000001E+00   0.0000000E+00   1.7328436E+00   3.9673325E+02   2.0695061E+01   4.9781489E+00   3.9228790E+01   0.0000000E+00   0.0000000E+00   0.0000000E+00   7.0743042E-01   1.4009138E+01   3.1198976E+00   1.4370679E+00   1.5948771E+00   0.0000000E+00   0.0000000E+00   1.8330585E+06
   7.0000000E+00   0.0000000E+00   1.8122099E+02   3.8861691E+02   1.0030084E+01   1.4443196E+00   2.9010553E+01   0.0000000E+00   0.0000000E+00   0.0000000E+00   1.1174564E+01   1.1581172E+01   1.7730851E+00   5.4590154E-01   1.3269118E+00   0.0000000E+00   0.0000000E+00   2.3076840E+06
   7.0999999E+00   0.0000000E+00   2.9459073E+02   2.5027684E+02   1.7618607E+00   6.6492051E-01   1.4405891E+01   0.0000000E+00   0.0000000E+00   0.0000000E+00   1.6241312E+01   1.1192720E+01   8.0501474E-02   4.7016981E-01   6.4749664E-01   0.0000000E+00   0.0000000E+00   2.9052020E+06
   7.1999998E+00   0.0000000E+00   4.1895734E+02   2.9598218E+02   7.2814732E+00   0.0000000E+00   1.0411713E+01   0.0000000E+00   0.0000000E+00   0.0000000E+00   2.6550343E+01   1.5045620E+01   4.2251390E-01   0.0000000E+00   8.6464566E-01   0.0000000E+00   0.0000000E+00   3.6574310E+06
   7.3000002E+00   0.0000000E+00   3.2702536E+02   3.4762814E+02   1.3709560E+01   0.0000000E+00   2.4154420E-01   0.0000000E+00   0.0000000E+00   0.0000000E+00   2.6972597E+01   1.8502380E+01   9.3498427E-01   0.0000000E+00   1.7079754E-01   0.0000000E+00   0.0000000E+00   4.6044380E+06
   7.4000001E+00   0.0000000E+00   6.1828137E+02   4.8598395E+02   6.3821423E+01   0.0000000E+00   0.0000000E+00   0.0000000E+00   1.7175813E+00   0.0000000E+00   4.4162956E+01   2.4452505E+01   7.6281190E+00   0.0000000E+00   0.0000000E+00   0.0000000E+00   1.2145134E+00   5.7966420E+06
   7.5000000E+00   0.0000000E+00   6.8306262E+02   2.4312651E+02   7.2732246E+01   0.0000000E+00   0.0000000E+00   0.0000000E+00   8.7794090E+01   0.0000000E+00   3.7658463E+01   1.5564580E+01   7.7532835E+00   0.0000000E+00   0.0000000E+00   0.0000000E+00   8.4091482E+00   7.2975400E+06
   7.5999999E+00   0.0000000E+00   6.7372223E+02   1.5408704E+02   3.2738004E+00   0.0000000E+00   0.0000000E+00   0.0000000E+00   7.3264915E+01   0.0000000E+00   4.7639355E+01   1.3619499E+01   1.4640880E+00   0.0000000E+00   0.0000000E+00   0.0000000E+00   9.2305117E+00   9.1870520E+06
   7.6999998E+00   0.0000000E+00   1.1560913E+03   1.4655931E+02   3.6958355E+01   0.0000000E+00   0.0000000E+00   0.0000000E+00   2.0399477E+00   0.0000000E+00   6.4227295E+01   1.5116438E+01   1.1143363E+01   0.0000000E+00   0.0000000E+00   0.0000000E+00   1.4424609E+00   1.1565812E+07
   7.8000002E+00   1.7020382E+00   8.3780548E+02   3.0626507E+01   0.0000000E+00   0.0000000E+00   0.0000000E+00   0.0000000E+00   1.3150726E+01   1.2035228E+00   6.3513870E+01   7.6566267E+00   0.0000000E+00   0.0000000E+00   0.0000000E+00   0.0000000E+00   5.8811836E+00   1.4560508E+07
   7.9000001E+00   0.0000000E+00   5.7025995E+02   1.9792379E+01   0.0000000E+00   0.0000000E+00   0.0000000E+00   0.0000000E+00   2.5426311E+01   0.0000000E+00   5.9779484E+01   6.9976630E+00   0.0000000E+00   0.0000000E+00   0.0000000E+00   0.0000000E+00   9.6102428E+00   1.8330592E+07
   8.0000000E+00   0.0000000E+00   6.2303551E+01   8.7800827E+00   3.0779390E+00   0.0000000E+00   0.0000000E+00   0.0000000E+00   5.9268208E+00   0.0000000E+00   1.4293414E+01   6.2084560E+00   3.0779390E+00   0.0000000E+00   0.0000000E+00   0.0000000E+00   4.1908951E+00   2.3076840E+07
   8.1000004E+00   0.0000000E+00   5.1036648E+01   1.5620507E+00   0.0000000E+00   0.0000000E+00   0.0000000E+00   0.0000000E+00   0.0000000E+00   0.0000000E+00   2.0835623E+01   1.1045367E+00   0.0000000E+00   0.0000000E+00   0.0000000E+00   0.0000000E+00   0.0000000E+00   2.9052040E+07
   8.1999998E+00   0.0000000E+00   2.6876738E+01   6.5944371E+00   4.2694088E-09   0.0000000E+00   0.0000000E+00   0.0000000E+00   0.0000000E+00   0.0000000E+00   1.3438369E+01   6.5944371E+00   4.2694088E-09   0.0000000E+00   0.0000000E+00   0.0000000E+00   0.0000000E+00   3.6574304E+07
   8.3000002E+00   1.1245382E+01   1.8001854E+01   0.0000000E+00   4.9462705E+00   0.0000000E+00   0.0000000E+00   0.0000000E+00   0.0000000E+00   4.2503552E+00   1.0393375E+01   0.0000000E+00   4.9462705E+00   0.0000000E+00   0.0000000E+00   0.0000000E+00   0.0000000E+00   4.6044368E+07
   8.3999996E+00   1.3954674E+01   0.0000000E+00   0.0000000E+00   0.0000000E+00   0.0000000E+00   0.0000000E+00   0.0000000E+00   0.0000000E+00   4.0283675E+00   0.0000000E+00   0.0000000E+00   0.0000000E+00   0.0000000E+00   0.0000000E+00   0.0000000E+00   0.0000000E+00   5.7966480E+07
   8.5000000E+00   5.1909271E+01   0.0000000E+00   0.0000000E+00   0.0000000E+00   0.0000000E+00   0.0000000E+00   0.0000000E+00   0.0000000E+00   1.1908803E+01   0.0000000E+00   0.0000000E+00   0.0000000E+00   0.0000000E+00   0.0000000E+00   0.0000000E+00   0.0000000E+00   7.2975360E+07
   8.6000004E+00   4.5314007E+01   0.0000000E+00   0.0000000E+00   0.0000000E+00   0.0000000E+00   0.0000000E+00   0.0000000E+00   0.0000000E+00   9.4486237E+00   0.0000000E+00   0.0000000E+00   0.0000000E+00   0.0000000E+00   0.0000000E+00   0.0000000E+00   0.0000000E+00   9.1870656E+07
   8.6999998E+00   8.4330627E+01   0.0000000E+00   0.0000000E+00   0.0000000E+00   0.0000000E+00   0.0000000E+00   0.0000000E+00   0.0000000E+00   1.7213917E+01   0.0000000E+00   0.0000000E+00   0.0000000E+00   0.0000000E+00   0.0000000E+00   0.0000000E+00   0.0000000E+00   1.1565811E+08
   8.8000002E+00   4.8983006E+01   0.0000000E+00   0.0000000E+00   0.0000000E+00   0.0000000E+00   0.0000000E+00   0.0000000E+00   0.0000000E+00   1.1880124E+01   0.0000000E+00   0.0000000E+00   0.0000000E+00   0.0000000E+00   0.0000000E+00   0.0000000E+00   0.0000000E+00   1.4560512E+08
   8.8999996E+00   5.0797916E+01   0.0000000E+00   0.0000000E+00   0.0000000E+00   0.0000000E+00   0.0000000E+00   0.0000000E+00   0.0000000E+00   1.1358759E+01   0.0000000E+00   0.0000000E+00   0.0000000E+00   0.0000000E+00   0.0000000E+00   0.0000000E+00   0.0000000E+00   1.8330605E+08
   9.0000000E+00   8.7951536E+00   0.0000000E+00   0.0000000E+00   0.0000000E+00   0.0000000E+00   0.0000000E+00   0.0000000E+00   0.0000000E+00   3.9333122E+00   0.0000000E+00   0.0000000E+00   0.0000000E+00   0.0000000E+00   0.0000000E+00   0.0000000E+00   0.0000000E+00   2.3076838E+08
   9.1000004E+00   7.9704033E+01   0.0000000E+00   0.0000000E+00   0.0000000E+00   0.0000000E+00   0.0000000E+00   0.0000000E+00   0.0000000E+00   1.6269518E+01   0.0000000E+00   0.0000000E+00   0.0000000E+00   0.0000000E+00   0.0000000E+00   0.0000000E+00   0.0000000E+00   2.9052045E+08
   9.1999998E+00   9.8921616E+01   0.0000000E+00   0.0000000E+00   0.0000000E+00   0.0000000E+00   0.0000000E+00   0.0000000E+00   0.0000000E+00   1.6964918E+01   0.0000000E+00   0.0000000E+00   0.0000000E+00   0.0000000E+00   0.0000000E+00   0.0000000E+00   0.0000000E+00   3.6574310E+08
   9.3000002E+00   1.1520374E+02   0.0000000E+00   0.0000000E+00   0.0000000E+00   0.0000000E+00   0.0000000E+00   0.0000000E+00   0.0000000E+00   2.0054396E+01   0.0000000E+00   0.0000000E+00   0.0000000E+00   0.0000000E+00   0.0000000E+00   0.0000000E+00   0.0000000E+00   4.6044365E+08
   9.3999996E+00   2.2569550E+02   0.0000000E+00   0.0000000E+00   0.0000000E+00   0.0000000E+00   0.0000000E+00   0.0000000E+00   0.0000000E+00   3.5685593E+01   0.0000000E+00   0.0000000E+00   0.0000000E+00   0.0000000E+00   0.0000000E+00   0.0000000E+00   0.0000000E+00   5.7966490E+08
   9.5000000E+00   1.8443367E+02   0.0000000E+00   0.0000000E+00   0.0000000E+00   0.0000000E+00   0.0000000E+00   0.0000000E+00   0.0000000E+00   2.9161524E+01   0.0000000E+00   0.0000000E+00   0.0000000E+00   0.0000000E+00   0.0000000E+00   0.0000000E+00   0.0000000E+00   7.2975386E+08
   9.6000004E+00   1.1170773E+02   0.0000000E+00   0.0000000E+00   0.0000000E+00   0.0000000E+00   0.0000000E+00   0.0000000E+00   0.0000000E+00   2.1907688E+01   0.0000000E+00   0.0000000E+00   0.0000000E+00   0.0000000E+00   0.0000000E+00   0.0000000E+00   0.0000000E+00   9.1870618E+08
   9.6999998E+00   6.5019958E+01   0.0000000E+00   0.0000000E+00   0.0000000E+00   0.0000000E+00   0.0000000E+00   0.0000000E+00   0.0000000E+00   2.2988028E+01   0.0000000E+00   0.0000000E+00   0.0000000E+00   0.0000000E+00   0.0000000E+00   0.0000000E+00   0.0000000E+00   1.1565814E+09
   9.8000002E+00   5.3905873E+00   0.0000000E+00   0.0000000E+00   0.0000000E+00   0.0000000E+00   0.0000000E+00   0.0000000E+00   0.0000000E+00   3.8117208E+00   0.0000000E+00   0.0000000E+00   0.0000000E+00   0.0000000E+00   0.0000000E+00   0.0000000E+00   0.0000000E+00   1.4560507E+09
   9.8999996E+00   1.7454885E+01   0.0000000E+00   0.0000000E+00   0.0000000E+00   0.0000000E+00   0.0000000E+00   0.0000000E+00   0.0000000E+00   7.1259270E+00   0.0000000E+00   0.0000000E+00   0.0000000E+00   0.0000000E+00   0.0000000E+00   0.0000000E+00   0.0000000E+00   1.8330614E+09
   1.0000000E+01   2.0466530E+01   0.0000000E+00   0.0000000E+00   0.0000000E+00   0.0000000E+00   0.0000000E+00   0.0000000E+00   0.0000000E+00   1.0233265E+01   0.0000000E+00   0.0000000E+00   0.0000000E+00   0.0000000E+00   0.0000000E+00   0.0000000E+00   0.0000000E+00   2.3076833E+09
   1.0100000E+01   1.3115528E+01   0.0000000E+00   0.0000000E+00   0.0000000E+00   0.0000000E+00   0.0000000E+00   0.0000000E+00   0.0000000E+00   4.6370397E+00   0.0000000E+00   0.0000000E+00   0.0000000E+00   0.0000000E+00   0.0000000E+00   0.0000000E+00   0.0000000E+00   2.9051986E+09
   1.0200001E+01   1.0478510E+01   0.0000000E+00   0.0000000E+00   0.0000000E+00   0.0000000E+00   0.0000000E+00   0.0000000E+00   0.0000000E+00   2.1389167E+00   0.0000000E+00   0.0000000E+00   0.0000000E+00   0.0000000E+00   0.0000000E+00   0.0000000E+00   0.0000000E+00   3.6574310E+09
   1.0300000E+01   1.6063417E+01   0.0000000E+00   0.0000000E+00   0.0000000E+00   0.0000000E+00   0.0000000E+00   0.0000000E+00   0.0000000E+00   4.6371093E+00   0.0000000E+00   0.0000000E+00   0.0000000E+00   0.0000000E+00   0.0000000E+00   0.0000000E+00   0.0000000E+00   4.6044365E+09
   1.0400000E+01   4.6792421E+00   0.0000000E+00   0.0000000E+00   0.0000000E+00   0.0000000E+00   0.0000000E+00   0.0000000E+00   0.0000000E+00   3.3087239E+00   0.0000000E+00   0.0000000E+00   0.0000000E+00   0.0000000E+00   0.0000000E+00   0.0000000E+00   0.0000000E+00   5.7966490E+09
   1.0500000E+01   2.2237997E+01   0.0000000E+00   0.0000000E+00   0.0000000E+00   0.0000000E+00   0.0000000E+00   0.0000000E+00   0.0000000E+00   7.8623195E+00   0.0000000E+00   0.0000000E+00   0.0000000E+00   0.0000000E+00   0.0000000E+00   0.0000000E+00   0.0000000E+00   7.2975380E+09
   1.0600000E+01   3.2401726E+01   0.0000000E+00   0.0000000E+00   0.0000000E+00   0.0000000E+00   0.0000000E+00   0.0000000E+00   0.0000000E+00   8.6597252E+00   0.0000000E+00   0.0000000E+00   0.0000000E+00   0.0000000E+00   0.0000000E+00   0.0000000E+00   0.0000000E+00   9.1870454E+09
   1.0700001E+01   2.8655661E+01   0.0000000E+00   0.0000000E+00   0.0000000E+00   0.0000000E+00   0.0000000E+00   0.0000000E+00   0.0000000E+00   1.0131306E+01   0.0000000E+00   0.0000000E+00   0.0000000E+00   0.0000000E+00   0.0000000E+00   0.0000000E+00   0.0000000E+00   1.1565810E+10
   1.0800000E+01   1.1152717E+03   0.0000000E+00   0.0000000E+00   0.0000000E+00   0.0000000E+00   0.0000000E+00   0.0000000E+00   0.0000000E+00   2.9806891E+02   0.0000000E+00   0.0000000E+00   0.0000000E+00   0.0000000E+00   0.0000000E+00   0.0000000E+00   0.0000000E+00   1.4560510E+10
   1.0900000E+01   6.2647386E+00   0.0000000E+00   0.0000000E+00   0.0000000E+00   0.0000000E+00   0.0000000E+00   0.0000000E+00   0.0000000E+00   3.1323693E+00   0.0000000E+00   0.0000000E+00   0.0000000E+00   0.0000000E+00   0.0000000E+00   0.0000000E+00   0.0000000E+00   1.8330608E+10
   1.1000000E+01   1.6241766E+01   0.0000000E+00   0.0000000E+00   0.0000000E+00   0.0000000E+00   0.0000000E+00   0.0000000E+00   0.0000000E+00   8.1208830E+00   0.0000000E+00   0.0000000E+00   0.0000000E+00   0.0000000E+00   0.0000000E+00   0.0000000E+00   0.0000000E+00   2.3076839E+10
