   6.0000000E+00   0.0000000E+00   0.0000000E+00   0.0000000E+00   0.0000000E+00   0.0000000E+00   0.0000000E+00   0.0000000E+00   0.0000000E+00   0.0000000E+00   0.0000000E+00   0.0000000E+00   0.0000000E+00   0.0000000E+00   0.0000000E+00   0.0000000E+00   0.0000000E+00   1.1220190E+06
   6.0999999E+00   0.0000000E+00   0.0000000E+00   0.0000000E+00   0.0000000E+00   0.0000000E+00   0.0000000E+00   0.0000000E+00   0.0000000E+00   0.0000000E+00   0.0000000E+00   0.0000000E+00   0.0000000E+00   0.0000000E+00   0.0000000E+00   0.0000000E+00   0.0000000E+00   2.9052012E+05
   6.1999998E+00   0.0000000E+00   0.0000000E+00   0.0000000E+00   0.0000000E+00   0.0000000E+00   0.0000000E+00   0.0000000E+00   0.0000000E+00   0.0000000E+00   0.0000000E+00   0.0000000E+00   0.0000000E+00   0.0000000E+00   0.0000000E+00   0.0000000E+00   0.0000000E+00   3.6574312E+05
   6.3000002E+00   0.0000000E+00   0.0000000E+00   0.0000000E+00   0.0000000E+00   0.0000000E+00   0.0000000E+00   0.0000000E+00   0.0000000E+00   0.0000000E+00   0.0000000E+00   0.0000000E+00   0.0000000E+00   0.0000000E+00   0.0000000E+00   0.0000000E+00   0.0000000E+00   4.6044362E+05
   6.4000001E+00   0.0000000E+00   0.0000000E+00   0.0000000E+00   4.4166279E+00   6.7674828E-01   0.0000000E+00   1.3655313E+00   0.0000000E+00   0.0000000E+00   0.0000000E+00   0.0000000E+00   5.5207849E-01   1.8086858E-01   0.0000000E+00   4.8278823E-01   0.0000000E+00   5.7966400E+05
   6.5000000E+00   0.0000000E+00   0.0000000E+00   0.0000000E+00   1.5795938E+02   9.5341787E+00   4.8259153E-08   2.5516519E-01   0.0000000E+00   0.0000000E+00   0.0000000E+00   0.0000000E+00   5.1221838E+00   1.3620255E+00   6.6289045E-09   1.8042904E-01   0.0000000E+00   7.2975375E+05
   6.5999999E+00   0.0000000E+00   0.0000000E+00   1.6823683E+00   8.2260765E+01   1.4876527E+02   1.5210987E+01   9.8055428E-01   0.0000000E+00   0.0000000E+00   0.0000000E+00   6.8682396E-01   4.8812785E+00   5.9649439E+00   1.2545811E+00   3.4667829E-01   0.0000000E+00   9.1870550E+05
   6.6999998E+00   0.0000000E+00   2.4544113E+00   1.2649660E+02   4.7660580E+01   4.0818459E+01   1.6914663E+01   0.0000000E+00   0.0000000E+00   0.0000000E+00   1.0020092E+00   8.6471300E+00   4.5442581E+00   4.3761978E+00   9.8648316E-01   0.0000000E+00   0.0000000E+00   1.1565815E+06
   6.8000002E+00   0.0000000E+00   1.5318168E+00   4.0500656E+02   6.6824165E+01   4.7823958E+00   4.4045261E+01   0.0000000E+00   0.0000000E+00   0.0000000E+00   7.6590842E-01   1.6084866E+01   6.1001835E+00   1.4419465E+00   2.3085988E+00   0.0000000E+00   0.0000000E+00   1.4560505E+06
   6.9000001E+00   0.0000000E+00   1.3370576E+00   3.6713229E+02   3.0896902E+01   1.5712878E-08   3.9034645E+01   0.0000000E+00   0.0000000E+00   0.0000000E+00   6.6852880E-01   1.3663249E+01   3.6412351E+00   1.1110683E-08   1.6002644E+00   0.0000000E+00   0.0000000E+00   1.8330585E+06
   7.0000000E+00   0.0000000E+00   1.6843228E+02   4.9465689E+02   3.7158449E+00   0.0000000E+00   2.9524124E+01   0.0000000E+00   0.0000000E+00   0.0000000E+00   1.0269497E+01   1.2901654E+01   9.5942700E-01   0.0000000E+00   1.3765694E+00   0.0000000E+00   0.0000000E+00   2.3076840E+06
   7.0999999E+00   0.0000000E+00   2.6981549E+02   3.5152295E+02   8.0098863E-07   6.6492051E-01   3.3414478E+01   0.0000000E+00   0.0000000E+00   0.0000000E+00   1.4966671E+01   1.3520113E+01   3.5821299E-07   4.7016981E-01   9.3615973E-01   0.0000000E+00   0.0000000E+00   2.9052020E+06
   7.1999998E+00   0.0000000E+00   3.0042502E+02   3.0381995E+02   4.0124469E+00   0.0000000E+00   2.1187542E+01   0.0000000E+00   0.0000000E+00   0.0000000E+00   2.3247587E+01   1.5115608E+01   2.7113602E-01   0.0000000E+00   1.0463781E+00   0.0000000E+00   0.0000000E+00   3.6574310E+06
   7.3000002E+00   0.0000000E+00   1.7009146E+02   3.6864029E+02   5.4415894E+00   0.0000000E+00   7.0519776E+00   0.0000000E+00   0.0000000E+00   0.0000000E+00   2.3363859E+01   1.8960810E+01   1.0472344E+00   0.0000000E+00   6.9485199E-01   0.0000000E+00   0.0000000E+00   4.6044380E+06
   7.4000001E+00   0.0000000E+00   7.1288983E+02   5.0042032E+02   3.4253277E+01   0.0000000E+00   0.0000000E+00   0.0000000E+00   3.9028568E+00   0.0000000E+00   4.2603317E+01   2.4624075E+01   5.6312037E+00   0.0000000E+00   0.0000000E+00   0.0000000E+00   1.9514284E+00   5.7966420E+06
   7.5000000E+00   0.0000000E+00   6.6008539E+02   3.3784085E+02   4.1897491E+01   0.0000000E+00   0.0000000E+00   0.0000000E+00   3.3684837E+01   0.0000000E+00   3.6957687E+01   1.7855444E+01   5.8101368E+00   0.0000000E+00   0.0000000E+00   0.0000000E+00   5.0781803E+00   7.2975400E+06
   7.5999999E+00   0.0000000E+00   9.0022351E+02   2.1120479E+02   0.0000000E+00   0.0000000E+00   0.0000000E+00   0.0000000E+00   8.0076569E+01   0.0000000E+00   4.9406185E+01   1.5965581E+01   0.0000000E+00   0.0000000E+00   0.0000000E+00   0.0000000E+00   9.4371147E+00   9.1870520E+06
   7.6999998E+00   0.0000000E+00   1.1392679E+03   1.6035742E+02   0.0000000E+00   0.0000000E+00   0.0000000E+00   0.0000000E+00   1.1955998E+01   0.0000000E+00   6.3098217E+01   1.6718416E+01   0.0000000E+00   0.0000000E+00   0.0000000E+00   0.0000000E+00   4.8810158E+00   1.1565812E+07
   7.8000002E+00   0.0000000E+00   8.3169958E+02   4.5883411E+01   0.0000000E+00   0.0000000E+00   0.0000000E+00   0.0000000E+00   1.6637188E+01   0.0000000E+00   6.0497242E+01   8.5203362E+00   0.0000000E+00   0.0000000E+00   0.0000000E+00   0.0000000E+00   8.3185940E+00   1.4560508E+07
   7.9000001E+00   0.0000000E+00   4.4548129E+02   1.2980165E+01   0.0000000E+00   0.0000000E+00   0.0000000E+00   0.0000000E+00   0.0000000E+00   0.0000000E+00   6.4980125E+01   6.4900823E+00   0.0000000E+00   0.0000000E+00   0.0000000E+00   0.0000000E+00   0.0000000E+00   1.8330592E+07
   8.0000000E+00   0.0000000E+00   4.7394218E+01   2.3585436E+01   0.0000000E+00   0.0000000E+00   0.0000000E+00   0.0000000E+00   0.0000000E+00   0.0000000E+00   1.7913332E+01   1.1792718E+01   0.0000000E+00   0.0000000E+00   0.0000000E+00   0.0000000E+00   0.0000000E+00   2.3076840E+07
   8.1000004E+00   0.0000000E+00   3.4099941E+01   5.1617966E+00   0.0000000E+00   0.0000000E+00   0.0000000E+00   0.0000000E+00   0.0000000E+00   0.0000000E+00   1.5249957E+01   5.1617966E+00   0.0000000E+00   0.0000000E+00   0.0000000E+00   0.0000000E+00   0.0000000E+00   2.9052040E+07
   8.1999998E+00   0.0000000E+00   1.8781517E+01   0.0000000E+00   1.8576444E+00   0.0000000E+00   0.0000000E+00   0.0000000E+00   0.0000000E+00   0.0000000E+00   9.3907585E+00   0.0000000E+00   1.0725116E+00   0.0000000E+00   0.0000000E+00   0.0000000E+00   0.0000000E+00   3.6574304E+07
   8.3000002E+00   1.7818203E+00   6.9377694E+00   0.0000000E+00   4.9462705E+00   0.0000000E+00   0.0000000E+00   0.0000000E+00   0.0000000E+00   1.2599373E+00   6.9377694E+00   0.0000000E+00   4.9462705E+00   0.0000000E+00   0.0000000E+00   0.0000000E+00   0.0000000E+00   4.6044368E+07
   8.3999996E+00   1.4867656E+01   0.0000000E+00   0.0000000E+00   0.0000000E+00   0.0000000E+00   0.0000000E+00   0.0000000E+00   0.0000000E+00   4.1235456E+00   0.0000000E+00   0.0000000E+00   0.0000000E+00   0.0000000E+00   0.0000000E+00   0.0000000E+00   0.0000000E+00   5.7966480E+07
   8.5000000E+00   4.6126709E+01   0.0000000E+00   0.0000000E+00   0.0000000E+00   0.0000000E+00   0.0000000E+00   0.0000000E+00   0.0000000E+00   1.1187370E+01   0.0000000E+00   0.0000000E+00   0.0000000E+00   0.0000000E+00   0.0000000E+00   0.0000000E+00   0.0000000E+00   7.2975360E+07
   8.6000004E+00   4.5514000E+01   0.0000000E+00   0.0000000E+00   0.0000000E+00   0.0000000E+00   0.0000000E+00   0.0000000E+00   0.0000000E+00   1.0441628E+01   0.0000000E+00   0.0000000E+00   0.0000000E+00   0.0000000E+00   0.0000000E+00   0.0000000E+00   0.0000000E+00   9.1870656E+07
   8.6999998E+00   6.9469994E+01   0.0000000E+00   0.0000000E+00   0.0000000E+00   0.0000000E+00   0.0000000E+00   0.0000000E+00   0.0000000E+00   1.3893999E+01   0.0000000E+00   0.0000000E+00   0.0000000E+00   0.0000000E+00   0.0000000E+00   0.0000000E+00   0.0000000E+00   1.1565811E+08
   8.8000002E+00   5.8917309E+01   0.0000000E+00   0.0000000E+00   0.0000000E+00   0.0000000E+00   0.0000000E+00   0.0000000E+00   0.0000000E+00   1.3174311E+01   0.0000000E+00   0.0000000E+00   0.0000000E+00   0.0000000E+00   0.0000000E+00   0.0000000E+00   0.0000000E+00   1.4560512E+08
   8.8999996E+00   5.7138996E+01   0.0000000E+00   0.0000000E+00   0.0000000E+00   0.0000000E+00   0.0000000E+00   0.0000000E+00   0.0000000E+00   1.0996406E+01   0.0000000E+00   0.0000000E+00   0.0000000E+00   0.0000000E+00   0.0000000E+00   0.0000000E+00   0.0000000E+00   1.8330605E+08
   9.0000000E+00   5.9437592E+01   0.0000000E+00   0.0000000E+00   0.0000000E+00   0.0000000E+00   0.0000000E+00   0.0000000E+00   0.0000000E+00   1.4009575E+01   0.0000000E+00   0.0000000E+00   0.0000000E+00   0.0000000E+00   0.0000000E+00   0.0000000E+00   0.0000000E+00   2.3076838E+08
   9.1000004E+00   7.2637787E+01   0.0000000E+00   0.0000000E+00   0.0000000E+00   0.0000000E+00   0.0000000E+00   0.0000000E+00   0.0000000E+00   1.4245442E+01   0.0000000E+00   0.0000000E+00   0.0000000E+00   0.0000000E+00   0.0000000E+00   0.0000000E+00   0.0000000E+00   2.9052045E+08
   9.1999998E+00   1.7187881E+02   0.0000000E+00   0.0000000E+00   0.0000000E+00   0.0000000E+00   0.0000000E+00   0.0000000E+00   0.0000000E+00   2.8256702E+01   0.0000000E+00   0.0000000E+00   0.0000000E+00   0.0000000E+00   0.0000000E+00   0.0000000E+00   0.0000000E+00   3.6574310E+08
   9.3000002E+00   2.3490898E+02   0.0000000E+00   0.0000000E+00   0.0000000E+00   0.0000000E+00   0.0000000E+00   0.0000000E+00   0.0000000E+00   3.3221146E+01   0.0000000E+00   0.0000000E+00   0.0000000E+00   0.0000000E+00   0.0000000E+00   0.0000000E+00   0.0000000E+00   4.6044365E+08
   9.3999996E+00   2.1486328E+02   0.0000000E+00   0.0000000E+00   0.0000000E+00   0.0000000E+00   0.0000000E+00   0.0000000E+00   0.0000000E+00   3.4855427E+01   0.0000000E+00   0.0000000E+00   0.0000000E+00   0.0000000E+00   0.0000000E+00   0.0000000E+00   0.0000000E+00   5.7966490E+08
   9.5000000E+00   1.7866864E+02   0.0000000E+00   0.0000000E+00   0.0000000E+00   0.0000000E+00   0.0000000E+00   0.0000000E+00   0.0000000E+00   2.9778107E+01   0.0000000E+00   0.0000000E+00   0.0000000E+00   0.0000000E+00   0.0000000E+00   0.0000000E+00   0.0000000E+00   7.2975386E+08
   9.6000004E+00   1.2672398E+02   0.0000000E+00   0.0000000E+00   0.0000000E+00   0.0000000E+00   0.0000000E+00   0.0000000E+00   0.0000000E+00   2.5867422E+01   0.0000000E+00   0.0000000E+00   0.0000000E+00   0.0000000E+00   0.0000000E+00   0.0000000E+00   0.0000000E+00   9.1870618E+08
   9.6999998E+00   5.2047413E+01   0.0000000E+00   0.0000000E+00   0.0000000E+00   0.0000000E+00   0.0000000E+00   0.0000000E+00   0.0000000E+00   1.8401539E+01   0.0000000E+00   0.0000000E+00   0.0000000E+00   0.0000000E+00   0.0000000E+00   0.0000000E+00   0.0000000E+00   1.1565814E+09
   9.8000002E+00   1.2545661E+01   0.0000000E+00   0.0000000E+00   0.0000000E+00   0.0000000E+00   0.0000000E+00   0.0000000E+00   0.0000000E+00   5.6105900E+00   0.0000000E+00   0.0000000E+00   0.0000000E+00   0.0000000E+00   0.0000000E+00   0.0000000E+00   0.0000000E+00   1.4560507E+09
   9.8999996E+00   4.8056207E+00   0.0000000E+00   0.0000000E+00   0.0000000E+00   0.0000000E+00   0.0000000E+00   0.0000000E+00   0.0000000E+00   4.8056207E+00   0.0000000E+00   0.0000000E+00   0.0000000E+00   0.0000000E+00   0.0000000E+00   0.0000000E+00   0.0000000E+00   1.8330614E+09
   1.0000000E+01   3.3019860E+00   0.0000000E+00   0.0000000E+00   0.0000000E+00   0.0000000E+00   0.0000000E+00   0.0000000E+00   0.0000000E+00   2.3348567E+00   0.0000000E+00   0.0000000E+00   0.0000000E+00   0.0000000E+00   0.0000000E+00   0.0000000E+00   0.0000000E+00   2.3076833E+09
   1.0100000E+01   6.1792560E+00   0.0000000E+00   0.0000000E+00   0.0000000E+00   0.0000000E+00   0.0000000E+00   0.0000000E+00   0.0000000E+00   2.5226705E+00   0.0000000E+00   0.0000000E+00   0.0000000E+00   0.0000000E+00   0.0000000E+00   0.0000000E+00   0.0000000E+00   2.9051986E+09
   1.0200001E+01   2.5402397E+01   0.0000000E+00   0.0000000E+00   0.0000000E+00   0.0000000E+00   0.0000000E+00   0.0000000E+00   0.0000000E+00   4.6378217E+00   0.0000000E+00   0.0000000E+00   0.0000000E+00   0.0000000E+00   0.0000000E+00   0.0000000E+00   0.0000000E+00   3.6574310E+09
   1.0300000E+01   2.5380796E+01   0.0000000E+00   0.0000000E+00   0.0000000E+00   0.0000000E+00   0.0000000E+00   0.0000000E+00   0.0000000E+00   6.7833028E+00   0.0000000E+00   0.0000000E+00   0.0000000E+00   0.0000000E+00   0.0000000E+00   0.0000000E+00   0.0000000E+00   4.6044365E+09
   1.0400000E+01   3.5122177E+01   0.0000000E+00   0.0000000E+00   0.0000000E+00   0.0000000E+00   0.0000000E+00   0.0000000E+00   0.0000000E+00   1.0138900E+01   0.0000000E+00   0.0000000E+00   0.0000000E+00   0.0000000E+00   0.0000000E+00   0.0000000E+00   0.0000000E+00   5.7966490E+09
   1.0500000E+01   1.7703962E+01   0.0000000E+00   0.0000000E+00   0.0000000E+00   0.0000000E+00   0.0000000E+00   0.0000000E+00   0.0000000E+00   8.8519812E+00   0.0000000E+00   0.0000000E+00   0.0000000E+00   0.0000000E+00   0.0000000E+00   0.0000000E+00   0.0000000E+00   7.2975380E+09
   1.0600000E+01   2.7225019E+01   0.0000000E+00   0.0000000E+00   0.0000000E+00   0.0000000E+00   0.0000000E+00   0.0000000E+00   0.0000000E+00   8.6093073E+00   0.0000000E+00   0.0000000E+00   0.0000000E+00   0.0000000E+00   0.0000000E+00   0.0000000E+00   0.0000000E+00   9.1870454E+09
   1.0700001E+01   1.3598501E+03   0.0000000E+00   0.0000000E+00   0.0000000E+00   0.0000000E+00   0.0000000E+00   0.0000000E+00   0.0000000E+00   5.5515643E+02   0.0000000E+00   0.0000000E+00   0.0000000E+00   0.0000000E+00   0.0000000E+00   0.0000000E+00   0.0000000E+00   1.1565810E+10
   1.0800000E+01   3.4916664E+01   0.0000000E+00   0.0000000E+00   0.0000000E+00   0.0000000E+00   0.0000000E+00   0.0000000E+00   0.0000000E+00   1.1041618E+01   0.0000000E+00   0.0000000E+00   0.0000000E+00   0.0000000E+00   0.0000000E+00   0.0000000E+00   0.0000000E+00   1.4560510E+10
   1.0900000E+01   1.4510641E+01   0.0000000E+00   0.0000000E+00   0.0000000E+00   0.0000000E+00   0.0000000E+00   0.0000000E+00   0.0000000E+00   7.2553205E+00   0.0000000E+00   0.0000000E+00   0.0000000E+00   0.0000000E+00   0.0000000E+00   0.0000000E+00   0.0000000E+00   1.8330608E+10
   1.1000000E+01   1.7089493E+00   0.0000000E+00   0.0000000E+00   0.0000000E+00   0.0000000E+00   0.0000000E+00   0.0000000E+00   0.0000000E+00   1.2084097E+00   0.0000000E+00   0.0000000E+00   0.0000000E+00   0.0000000E+00   0.0000000E+00   0.0000000E+00   0.0000000E+00   2.3076839E+10
