   6.0000000E+00   0.0000000E+00   0.0000000E+00   0.0000000E+00   0.0000000E+00   0.0000000E+00   0.0000000E+00   0.0000000E+00   0.0000000E+00   0.0000000E+00   0.0000000E+00   0.0000000E+00   0.0000000E+00   0.0000000E+00   0.0000000E+00   0.0000000E+00   0.0000000E+00   1.1220190E+06
   6.0999999E+00   0.0000000E+00   0.0000000E+00   0.0000000E+00   0.0000000E+00   0.0000000E+00   0.0000000E+00   0.0000000E+00   0.0000000E+00   0.0000000E+00   0.0000000E+00   0.0000000E+00   0.0000000E+00   0.0000000E+00   0.0000000E+00   0.0000000E+00   0.0000000E+00   2.9052012E+05
   6.1999998E+00   0.0000000E+00   0.0000000E+00   0.0000000E+00   0.0000000E+00   0.0000000E+00   0.0000000E+00   0.0000000E+00   0.0000000E+00   0.0000000E+00   0.0000000E+00   0.0000000E+00   0.0000000E+00   0.0000000E+00   0.0000000E+00   0.0000000E+00   0.0000000E+00   3.6574312E+05
   6.3000002E+00   0.0000000E+00   0.0000000E+00   0.0000000E+00   0.0000000E+00   0.0000000E+00   0.0000000E+00   0.0000000E+00   0.0000000E+00   0.0000000E+00   0.0000000E+00   0.0000000E+00   0.0000000E+00   0.0000000E+00   0.0000000E+00   0.0000000E+00   0.0000000E+00   4.6044362E+05
   6.4000001E+00   0.0000000E+00   0.0000000E+00   0.0000000E+00   0.0000000E+00   0.0000000E+00   0.0000000E+00   0.0000000E+00   0.0000000E+00   0.0000000E+00   0.0000000E+00   0.0000000E+00   0.0000000E+00   0.0000000E+00   0.0000000E+00   0.0000000E+00   0.0000000E+00   5.7966400E+05
   6.5000000E+00   0.0000000E+00   0.0000000E+00   0.0000000E+00   0.0000000E+00   1.5207326E+02   0.0000000E+00   0.0000000E+00   0.0000000E+00   0.0000000E+00   0.0000000E+00   0.0000000E+00   0.0000000E+00   4.5359650E+00   0.0000000E+00   0.0000000E+00   0.0000000E+00   7.2975375E+05
   6.5999999E+00   0.0000000E+00   0.0000000E+00   6.1131531E-01   0.0000000E+00   1.2377945E+02   0.0000000E+00   0.0000000E+00   0.0000000E+00   0.0000000E+00   0.0000000E+00   4.3226522E-01   0.0000000E+00   5.7339725E+00   0.0000000E+00   0.0000000E+00   0.0000000E+00   9.1870550E+05
   6.6999998E+00   0.0000000E+00   0.0000000E+00   0.0000000E+00   0.0000000E+00   2.7863174E+02   0.0000000E+00   0.0000000E+00   0.0000000E+00   0.0000000E+00   0.0000000E+00   0.0000000E+00   0.0000000E+00   1.2172084E+01   0.0000000E+00   0.0000000E+00   0.0000000E+00   1.1565815E+06
   6.8000002E+00   0.0000000E+00   0.0000000E+00   2.4591995E+01   1.3695546E+01   1.9699129E+02   0.0000000E+00   0.0000000E+00   0.0000000E+00   0.0000000E+00   0.0000000E+00   3.9893484E+00   3.0624173E+00   1.1607823E+01   0.0000000E+00   0.0000000E+00   0.0000000E+00   1.4560505E+06
   6.9000001E+00   0.0000000E+00   2.4880097E+00   3.2527658E+02   3.9449341E+02   1.8294430E+01   0.0000000E+00   0.0000000E+00   0.0000000E+00   0.0000000E+00   7.8677773E-01   1.5350750E+01   1.1851406E+01   2.5369809E+00   0.0000000E+00   0.0000000E+00   0.0000000E+00   1.8330585E+06
   7.0000000E+00   0.0000000E+00   1.8371625E+02   1.8757768E+02   3.5044351E+02   1.2613376E+00   0.0000000E+00   0.0000000E+00   0.0000000E+00   0.0000000E+00   1.3848133E+01   1.1633074E+01   1.2336196E+01   6.3066882E-01   0.0000000E+00   0.0000000E+00   0.0000000E+00   2.3076840E+06
   7.0999999E+00   0.0000000E+00   3.2058218E+02   4.0307209E+01   3.4643845E+02   4.1974802E+00   0.0000000E+00   0.0000000E+00   0.0000000E+00   0.0000000E+00   2.1419798E+01   4.8176332E+00   1.4758775E+01   1.4840333E+00   0.0000000E+00   0.0000000E+00   0.0000000E+00   2.9052020E+06
   7.1999998E+00   0.0000000E+00   4.4305533E+02   3.4134254E+01   3.8217929E+02   0.0000000E+00   0.0000000E+00   0.0000000E+00   1.3739744E+00   0.0000000E+00   2.7583420E+01   4.4820471E+00   1.8157887E+01   0.0000000E+00   0.0000000E+00   0.0000000E+00   9.7154665E-01   3.6574310E+06
   7.3000002E+00   0.0000000E+00   5.7512555E+02   5.9390526E+01   3.8266010E+02   3.2754517E+00   0.0000000E+00   0.0000000E+00   2.2797815E+01   0.0000000E+00   4.2514503E+01   7.9363928E+00   2.1258894E+01   1.6377258E+00   0.0000000E+00   0.0000000E+00   4.6535845E+00   4.6044380E+06
   7.4000001E+00   0.0000000E+00   4.5419952E+02   3.5938351E+01   3.6438194E+01   2.0767620E+00   0.0000000E+00   0.0000000E+00   2.2216031E+02   0.0000000E+00   3.4236576E+01   5.9897251E+00   6.8861718E+00   1.4684925E+00   0.0000000E+00   0.0000000E+00   1.6033039E+01   5.7966420E+06
   7.5000000E+00   0.0000000E+00   6.9779169E+02   4.9263821E+01   4.4218403E+01   0.0000000E+00   0.0000000E+00   0.0000000E+00   7.6723511E+01   0.0000000E+00   3.7787540E+01   5.8057971E+00   8.3564930E+00   0.0000000E+00   0.0000000E+00   0.0000000E+00   8.6872272E+00   7.2975400E+06
   7.5999999E+00   0.0000000E+00   4.1025851E+02   2.1064934E+01   1.0553001E+01   0.0000000E+00   0.0000000E+00   0.0000000E+00   1.2768375E+00   0.0000000E+00   3.1101618E+01   4.1311736E+00   5.2765007E+00   0.0000000E+00   0.0000000E+00   0.0000000E+00   1.2768375E+00   9.1870520E+06
   7.6999998E+00   0.0000000E+00   3.0222919E+02   4.4959135E+00   8.7156801E+00   0.0000000E+00   0.0000000E+00   0.0000000E+00   0.0000000E+00   0.0000000E+00   3.3790249E+01   2.0106337E+00   3.5581615E+00   0.0000000E+00   0.0000000E+00   0.0000000E+00   0.0000000E+00   1.1565812E+07
   7.8000002E+00   3.7393189E-08   4.1578110E+01   3.2105620E+00   1.6137836E+01   0.0000000E+00   0.0000000E+00   0.0000000E+00   2.3837211E+00   2.6440977E-08   8.6696348E+00   2.2702103E+00   9.3171844E+00   0.0000000E+00   0.0000000E+00   0.0000000E+00   2.3837211E+00   1.4560508E+07
   7.9000001E+00   5.5156736E+00   2.7511467E+01   0.0000000E+00   0.0000000E+00   0.0000000E+00   0.0000000E+00   0.0000000E+00   8.0933905E+00   3.9001703E+00   9.7267723E+00   0.0000000E+00   0.0000000E+00   0.0000000E+00   0.0000000E+00   0.0000000E+00   4.6727214E+00   1.8330592E+07
   8.0000000E+00   0.0000000E+00   1.7617218E+01   0.0000000E+00   0.0000000E+00   0.0000000E+00   0.0000000E+00   0.0000000E+00   4.2340684E+00   0.0000000E+00   7.1921988E+00   0.0000000E+00   0.0000000E+00   0.0000000E+00   0.0000000E+00   0.0000000E+00   4.2340684E+00   2.3076840E+07
   8.1000004E+00   0.0000000E+00   1.4373217E+01   0.0000000E+00   0.0000000E+00   0.0000000E+00   0.0000000E+00   0.0000000E+00   0.0000000E+00   0.0000000E+00   7.1866083E+00   0.0000000E+00   0.0000000E+00   0.0000000E+00   0.0000000E+00   0.0000000E+00   0.0000000E+00   2.9052040E+07
   8.1999998E+00   0.0000000E+00   0.0000000E+00   6.8032165E+00   0.0000000E+00   0.0000000E+00   0.0000000E+00   0.0000000E+00   0.0000000E+00   0.0000000E+00   0.0000000E+00   6.8032165E+00   0.0000000E+00   0.0000000E+00   0.0000000E+00   0.0000000E+00   0.0000000E+00   3.6574304E+07
   8.3000002E+00   0.0000000E+00   0.0000000E+00   0.0000000E+00   0.0000000E+00   0.0000000E+00   0.0000000E+00   0.0000000E+00   0.0000000E+00   0.0000000E+00   0.0000000E+00   0.0000000E+00   0.0000000E+00   0.0000000E+00   0.0000000E+00   0.0000000E+00   0.0000000E+00   4.6044368E+07
   8.3999996E+00   0.0000000E+00   0.0000000E+00   0.0000000E+00   0.0000000E+00   0.0000000E+00   0.0000000E+00   0.0000000E+00   0.0000000E+00   0.0000000E+00   0.0000000E+00   0.0000000E+00   0.0000000E+00   0.0000000E+00   0.0000000E+00   0.0000000E+00   0.0000000E+00   5.7966480E+07
   8.5000000E+00   1.5201375E+01   0.0000000E+00   0.0000000E+00   0.0000000E+00   0.0000000E+00   0.0000000E+00   0.0000000E+00   0.0000000E+00   6.2059350E+00   0.0000000E+00   0.0000000E+00   0.0000000E+00   0.0000000E+00   0.0000000E+00   0.0000000E+00   0.0000000E+00   7.2975360E+07
   8.6000004E+00   3.0246643E+01   0.0000000E+00   0.0000000E+00   0.0000000E+00   0.0000000E+00   0.0000000E+00   0.0000000E+00   0.0000000E+00   7.1292024E+00   0.0000000E+00   0.0000000E+00   0.0000000E+00   0.0000000E+00   0.0000000E+00   0.0000000E+00   0.0000000E+00   9.1870656E+07
   8.6999998E+00   2.4334587E+01   0.0000000E+00   0.0000000E+00   0.0000000E+00   0.0000000E+00   0.0000000E+00   0.0000000E+00   0.0000000E+00   7.0247903E+00   0.0000000E+00   0.0000000E+00   0.0000000E+00   0.0000000E+00   0.0000000E+00   0.0000000E+00   0.0000000E+00   1.1565811E+08
   8.8000002E+00   3.6019844E+01   0.0000000E+00   0.0000000E+00   0.0000000E+00   0.0000000E+00   0.0000000E+00   0.0000000E+00   0.0000000E+00   7.3525195E+00   0.0000000E+00   0.0000000E+00   0.0000000E+00   0.0000000E+00   0.0000000E+00   0.0000000E+00   0.0000000E+00   1.4560512E+08
   8.8999996E+00   2.9677542E+01   0.0000000E+00   0.0000000E+00   0.0000000E+00   0.0000000E+00   0.0000000E+00   0.0000000E+00   0.0000000E+00   9.3848629E+00   0.0000000E+00   0.0000000E+00   0.0000000E+00   0.0000000E+00   0.0000000E+00   0.0000000E+00   0.0000000E+00   1.8330605E+08
   9.0000000E+00   3.7665234E+01   0.0000000E+00   0.0000000E+00   0.0000000E+00   0.0000000E+00   0.0000000E+00   0.0000000E+00   0.0000000E+00   1.0066457E+01   0.0000000E+00   0.0000000E+00   0.0000000E+00   0.0000000E+00   0.0000000E+00   0.0000000E+00   0.0000000E+00   2.3076838E+08
   9.1000004E+00   2.9490574E+01   0.0000000E+00   0.0000000E+00   0.0000000E+00   0.0000000E+00   0.0000000E+00   0.0000000E+00   0.0000000E+00   9.3257380E+00   0.0000000E+00   0.0000000E+00   0.0000000E+00   0.0000000E+00   0.0000000E+00   0.0000000E+00   0.0000000E+00   2.9052045E+08
   9.1999998E+00   1.6743330E+01   0.0000000E+00   0.0000000E+00   0.0000000E+00   0.0000000E+00   0.0000000E+00   0.0000000E+00   0.0000000E+00   4.8333831E+00   0.0000000E+00   0.0000000E+00   0.0000000E+00   0.0000000E+00   0.0000000E+00   0.0000000E+00   0.0000000E+00   3.6574310E+08
   9.3000002E+00   6.9729301E+01   0.0000000E+00   0.0000000E+00   0.0000000E+00   0.0000000E+00   0.0000000E+00   0.0000000E+00   0.0000000E+00   1.1958477E+01   0.0000000E+00   0.0000000E+00   0.0000000E+00   0.0000000E+00   0.0000000E+00   0.0000000E+00   0.0000000E+00   4.6044365E+08
   9.3999996E+00   7.9843742E+01   0.0000000E+00   0.0000000E+00   0.0000000E+00   0.0000000E+00   0.0000000E+00   0.0000000E+00   0.0000000E+00   1.4340360E+01   0.0000000E+00   0.0000000E+00   0.0000000E+00   0.0000000E+00   0.0000000E+00   0.0000000E+00   0.0000000E+00   5.7966490E+08
   9.5000000E+00   8.5176895E+01   0.0000000E+00   0.0000000E+00   0.0000000E+00   0.0000000E+00   0.0000000E+00   0.0000000E+00   0.0000000E+00   1.8587122E+01   0.0000000E+00   0.0000000E+00   0.0000000E+00   0.0000000E+00   0.0000000E+00   0.0000000E+00   0.0000000E+00   7.2975386E+08
   9.6000004E+00   1.2992325E+02   0.0000000E+00   0.0000000E+00   0.0000000E+00   0.0000000E+00   0.0000000E+00   0.0000000E+00   0.0000000E+00   2.2616735E+01   0.0000000E+00   0.0000000E+00   0.0000000E+00   0.0000000E+00   0.0000000E+00   0.0000000E+00   0.0000000E+00   9.1870618E+08
   9.6999998E+00   9.8265068E+01   0.0000000E+00   0.0000000E+00   0.0000000E+00   0.0000000E+00   0.0000000E+00   0.0000000E+00   0.0000000E+00   1.9653013E+01   0.0000000E+00   0.0000000E+00   0.0000000E+00   0.0000000E+00   0.0000000E+00   0.0000000E+00   0.0000000E+00   1.1565814E+09
   9.8000002E+00   1.0984866E+01   0.0000000E+00   0.0000000E+00   0.0000000E+00   0.0000000E+00   0.0000000E+00   0.0000000E+00   0.0000000E+00   4.4845529E+00   0.0000000E+00   0.0000000E+00   0.0000000E+00   0.0000000E+00   0.0000000E+00   0.0000000E+00   0.0000000E+00   1.4560507E+09
   9.8999996E+00   3.4587120E+01   0.0000000E+00   0.0000000E+00   0.0000000E+00   0.0000000E+00   0.0000000E+00   0.0000000E+00   0.0000000E+00   1.2228394E+01   0.0000000E+00   0.0000000E+00   0.0000000E+00   0.0000000E+00   0.0000000E+00   0.0000000E+00   0.0000000E+00   1.8330614E+09
   1.0000000E+01   2.2497257E+01   0.0000000E+00   0.0000000E+00   0.0000000E+00   0.0000000E+00   0.0000000E+00   0.0000000E+00   0.0000000E+00   7.1142573E+00   0.0000000E+00   0.0000000E+00   0.0000000E+00   0.0000000E+00   0.0000000E+00   0.0000000E+00   0.0000000E+00   2.3076833E+09
   1.0100000E+01   3.0917955E+01   0.0000000E+00   0.0000000E+00   0.0000000E+00   0.0000000E+00   0.0000000E+00   0.0000000E+00   0.0000000E+00   9.7771158E+00   0.0000000E+00   0.0000000E+00   0.0000000E+00   0.0000000E+00   0.0000000E+00   0.0000000E+00   0.0000000E+00   2.9051986E+09
   1.0200001E+01   9.8083391E+00   0.0000000E+00   0.0000000E+00   0.0000000E+00   0.0000000E+00   0.0000000E+00   0.0000000E+00   0.0000000E+00   3.4677715E+00   0.0000000E+00   0.0000000E+00   0.0000000E+00   0.0000000E+00   0.0000000E+00   0.0000000E+00   0.0000000E+00   3.6574310E+09
   1.0300000E+01   1.6259038E+00   0.0000000E+00   0.0000000E+00   0.0000000E+00   0.0000000E+00   0.0000000E+00   0.0000000E+00   0.0000000E+00   1.1496876E+00   0.0000000E+00   0.0000000E+00   0.0000000E+00   0.0000000E+00   0.0000000E+00   0.0000000E+00   0.0000000E+00   4.6044365E+09
   1.0400000E+01   5.7248664E+00   0.0000000E+00   0.0000000E+00   0.0000000E+00   0.0000000E+00   0.0000000E+00   0.0000000E+00   0.0000000E+00   2.3371668E+00   0.0000000E+00   0.0000000E+00   0.0000000E+00   0.0000000E+00   0.0000000E+00   0.0000000E+00   0.0000000E+00   5.7966490E+09
   1.0500000E+01   1.8752700E+00   0.0000000E+00   0.0000000E+00   0.0000000E+00   0.0000000E+00   0.0000000E+00   0.0000000E+00   0.0000000E+00   1.3260162E+00   0.0000000E+00   0.0000000E+00   0.0000000E+00   0.0000000E+00   0.0000000E+00   0.0000000E+00   0.0000000E+00   7.2975380E+09
   1.0600000E+01   6.3464108E+00   0.0000000E+00   0.0000000E+00   0.0000000E+00   0.0000000E+00   0.0000000E+00   0.0000000E+00   0.0000000E+00   3.1732054E+00   0.0000000E+00   0.0000000E+00   0.0000000E+00   0.0000000E+00   0.0000000E+00   0.0000000E+00   0.0000000E+00   9.1870454E+09
   1.0700001E+01   9.4664589E+01   0.0000000E+00   0.0000000E+00   0.0000000E+00   0.0000000E+00   0.0000000E+00   0.0000000E+00   0.0000000E+00   1.9323328E+01   0.0000000E+00   0.0000000E+00   0.0000000E+00   0.0000000E+00   0.0000000E+00   0.0000000E+00   0.0000000E+00   1.1565810E+10
   1.0800000E+01   1.6005297E+03   0.0000000E+00   0.0000000E+00   0.0000000E+00   0.0000000E+00   0.0000000E+00   0.0000000E+00   0.0000000E+00   5.0613193E+02   0.0000000E+00   0.0000000E+00   0.0000000E+00   0.0000000E+00   0.0000000E+00   0.0000000E+00   0.0000000E+00   1.4560510E+10
   1.0900000E+01   8.2838688E+00   0.0000000E+00   0.0000000E+00   0.0000000E+00   0.0000000E+00   0.0000000E+00   0.0000000E+00   0.0000000E+00   3.3818750E+00   0.0000000E+00   0.0000000E+00   0.0000000E+00   0.0000000E+00   0.0000000E+00   0.0000000E+00   0.0000000E+00   1.8330608E+10
   1.1000000E+01   2.6843542E+03   0.0000000E+00   0.0000000E+00   0.0000000E+00   0.0000000E+00   0.0000000E+00   0.0000000E+00   0.0000000E+00   1.3421771E+03   0.0000000E+00   0.0000000E+00   0.0000000E+00   0.0000000E+00   0.0000000E+00   0.0000000E+00   0.0000000E+00   2.3076839E+10
