   6.0000000E+00   0.0000000E+00   0.0000000E+00   0.0000000E+00   0.0000000E+00   0.0000000E+00   0.0000000E+00   0.0000000E+00   0.0000000E+00   0.0000000E+00   0.0000000E+00   0.0000000E+00   0.0000000E+00   0.0000000E+00   0.0000000E+00   0.0000000E+00   0.0000000E+00   1.1220190E+06
   6.0999999E+00   0.0000000E+00   0.0000000E+00   0.0000000E+00   0.0000000E+00   0.0000000E+00   0.0000000E+00   0.0000000E+00   0.0000000E+00   0.0000000E+00   0.0000000E+00   0.0000000E+00   0.0000000E+00   0.0000000E+00   0.0000000E+00   0.0000000E+00   0.0000000E+00   2.9052012E+05
   6.1999998E+00   0.0000000E+00   0.0000000E+00   0.0000000E+00   0.0000000E+00   0.0000000E+00   0.0000000E+00   0.0000000E+00   0.0000000E+00   0.0000000E+00   0.0000000E+00   0.0000000E+00   0.0000000E+00   0.0000000E+00   0.0000000E+00   0.0000000E+00   0.0000000E+00   3.6574312E+05
   6.3000002E+00   0.0000000E+00   0.0000000E+00   0.0000000E+00   0.0000000E+00   0.0000000E+00   0.0000000E+00   0.0000000E+00   0.0000000E+00   0.0000000E+00   0.0000000E+00   0.0000000E+00   0.0000000E+00   0.0000000E+00   0.0000000E+00   0.0000000E+00   0.0000000E+00   4.6044362E+05
   6.4000001E+00   0.0000000E+00   0.0000000E+00   1.1906072E+00   0.0000000E+00   0.0000000E+00   0.0000000E+00   2.1737940E+01   0.0000000E+00   0.0000000E+00   0.0000000E+00   2.9765180E-01   0.0000000E+00   0.0000000E+00   0.0000000E+00   1.6771185E+00   0.0000000E+00   5.7966400E+05
   6.5000000E+00   0.0000000E+00   0.0000000E+00   1.0898167E+02   3.1391770E-01   0.0000000E+00   0.0000000E+00   1.0413620E+01   0.0000000E+00   0.0000000E+00   0.0000000E+00   4.3078785E+00   2.2197333E-01   0.0000000E+00   0.0000000E+00   1.3225311E+00   0.0000000E+00   7.2975375E+05
   6.5999999E+00   0.0000000E+00   0.0000000E+00   2.6248694E+02   0.0000000E+00   2.3716214E+00   0.0000000E+00   1.7368040E+00   0.0000000E+00   0.0000000E+00   0.0000000E+00   8.2268543E+00   0.0000000E+00   1.6769896E+00   0.0000000E+00   5.4922563E-01   0.0000000E+00   9.1870550E+05
   6.6999998E+00   0.0000000E+00   0.0000000E+00   3.8076712E+02   1.2789044E-08   0.0000000E+00   2.2355465E-07   2.5911615E+00   0.0000000E+00   0.0000000E+00   0.0000000E+00   1.3885148E+01   1.2789044E-08   0.0000000E+00   1.8376079E-08   6.9251704E-01   0.0000000E+00   1.1565815E+06
   6.8000002E+00   0.0000000E+00   5.8784428E+00   4.7900412E+02   1.1271854E-08   0.0000000E+00   1.5855633E+00   0.0000000E+00   0.0000000E+00   0.0000000E+00   1.8589268E+00   1.7514126E+01   1.1271854E-08   0.0000000E+00   1.0993904E-01   0.0000000E+00   0.0000000E+00   1.4560505E+06
   6.9000001E+00   0.0000000E+00   1.2579533E+02   3.1975430E+02   0.0000000E+00   0.0000000E+00   6.3906693E+01   0.0000000E+00   0.0000000E+00   0.0000000E+00   8.5991926E+00   1.1305022E+01   0.0000000E+00   0.0000000E+00   2.6467447E+00   0.0000000E+00   0.0000000E+00   1.8330585E+06
   7.0000000E+00   0.0000000E+00   2.3078473E+02   3.6938965E+02   2.4746102E-08   0.0000000E+00   7.5381851E+01   0.0000000E+00   0.0000000E+00   0.0000000E+00   1.1142392E+01   1.1229776E+01   1.7498136E-08   0.0000000E+00   3.2113750E+00   0.0000000E+00   0.0000000E+00   2.3076840E+06
   7.0999999E+00   0.0000000E+00   4.6909518E+02   5.4696838E+02   0.0000000E+00   0.0000000E+00   6.2006714E+01   0.0000000E+00   0.0000000E+00   0.0000000E+00   2.0978575E+01   1.7472263E+01   0.0000000E+00   0.0000000E+00   2.9133296E+00   0.0000000E+00   0.0000000E+00   2.9052020E+06
   7.1999998E+00   0.0000000E+00   4.5394583E+02   3.8611014E+02   0.0000000E+00   0.0000000E+00   1.9592430E+01   0.0000000E+00   0.0000000E+00   0.0000000E+00   2.5617645E+01   1.7963470E+01   0.0000000E+00   0.0000000E+00   1.6738943E+00   0.0000000E+00   0.0000000E+00   3.6574310E+06
   7.3000002E+00   0.0000000E+00   7.1698407E+02   5.0865305E+02   0.0000000E+00   0.0000000E+00   5.9757595E+00   0.0000000E+00   0.0000000E+00   0.0000000E+00   4.0987251E+01   2.4472582E+01   0.0000000E+00   0.0000000E+00   1.3362204E+00   0.0000000E+00   0.0000000E+00   4.6044380E+06
   7.4000001E+00   0.0000000E+00   6.5216949E+02   3.6517368E+02   1.3108475E+00   0.0000000E+00   0.0000000E+00   0.0000000E+00   0.0000000E+00   0.0000000E+00   3.7160805E+01   1.9035994E+01   9.2690921E-01   0.0000000E+00   0.0000000E+00   0.0000000E+00   0.0000000E+00   5.7966420E+06
   7.5000000E+00   0.0000000E+00   8.4061224E+02   5.0811386E+02   1.8848101E+01   0.0000000E+00   0.0000000E+00   0.0000000E+00   2.0551222E+01   0.0000000E+00   4.5191593E+01   2.2814985E+01   4.0184283E+00   0.0000000E+00   0.0000000E+00   0.0000000E+00   4.0304260E+00   7.2975400E+06
   7.5999999E+00   0.0000000E+00   1.0992281E+03   4.5797821E+02   2.5824986E+00   0.0000000E+00   0.0000000E+00   0.0000000E+00   1.6439607E+00   0.0000000E+00   5.8258976E+01   2.4621059E+01   1.8261023E+00   0.0000000E+00   0.0000000E+00   0.0000000E+00   1.1624558E+00   9.1870520E+06
   7.6999998E+00   2.4228485E+00   8.2378583E+02   2.0444856E+02   3.9123104E+01   0.0000000E+00   0.0000000E+00   0.0000000E+00   8.6221476E+00   1.7132126E+00   6.0565937E+01   1.8434507E+01   7.2649779E+00   0.0000000E+00   0.0000000E+00   0.0000000E+00   3.5199769E+00   1.1565812E+07
   7.8000002E+00   2.1187911E+00   1.3597132E+01   1.1794277E+01   0.0000000E+00   0.0000000E+00   0.0000000E+00   0.0000000E+00   2.3296741E+01   1.4982116E+00   6.7985659E+00   4.4578180E+00   0.0000000E+00   0.0000000E+00   0.0000000E+00   0.0000000E+00   8.2366419E+00   1.4560508E+07
   7.9000001E+00   0.0000000E+00   3.0476986E+01   7.8579283E+00   3.5739815E+00   0.0000000E+00   0.0000000E+00   0.0000000E+00   2.0804232E+01   0.0000000E+00   8.7979479E+00   3.9289641E+00   3.5739815E+00   0.0000000E+00   0.0000000E+00   0.0000000E+00   8.4932919E+00   1.8330592E+07
   8.0000000E+00   7.1992254E+00   0.0000000E+00   0.0000000E+00   0.0000000E+00   0.0000000E+00   0.0000000E+00   0.0000000E+00   0.0000000E+00   7.1992254E+00   0.0000000E+00   0.0000000E+00   0.0000000E+00   0.0000000E+00   0.0000000E+00   0.0000000E+00   0.0000000E+00   2.3076840E+07
   8.1000004E+00   6.4387360E+00   0.0000000E+00   0.0000000E+00   0.0000000E+00   0.0000000E+00   0.0000000E+00   0.0000000E+00   0.0000000E+00   4.5528741E+00   0.0000000E+00   0.0000000E+00   0.0000000E+00   0.0000000E+00   0.0000000E+00   0.0000000E+00   0.0000000E+00   2.9052040E+07
   8.1999998E+00   1.6448974E-08   0.0000000E+00   0.0000000E+00   0.0000000E+00   0.0000000E+00   0.0000000E+00   0.0000000E+00   0.0000000E+00   9.4968193E-09   0.0000000E+00   0.0000000E+00   0.0000000E+00   0.0000000E+00   0.0000000E+00   0.0000000E+00   0.0000000E+00   3.6574304E+07
   8.3000002E+00   1.5830948E+01   0.0000000E+00   0.0000000E+00   0.0000000E+00   0.0000000E+00   0.0000000E+00   0.0000000E+00   0.0000000E+00   5.9835362E+00   0.0000000E+00   0.0000000E+00   0.0000000E+00   0.0000000E+00   0.0000000E+00   0.0000000E+00   0.0000000E+00   4.6044368E+07
   8.3999996E+00   2.2710144E+01   0.0000000E+00   0.0000000E+00   0.0000000E+00   0.0000000E+00   0.0000000E+00   0.0000000E+00   0.0000000E+00   8.5836277E+00   0.0000000E+00   0.0000000E+00   0.0000000E+00   0.0000000E+00   0.0000000E+00   0.0000000E+00   0.0000000E+00   5.7966480E+07
   8.5000000E+00   1.4310136E+02   0.0000000E+00   0.0000000E+00   0.0000000E+00   0.0000000E+00   0.0000000E+00   0.0000000E+00   0.0000000E+00   2.2081020E+01   0.0000000E+00   0.0000000E+00   0.0000000E+00   0.0000000E+00   0.0000000E+00   0.0000000E+00   0.0000000E+00   7.2975360E+07
   8.6000004E+00   1.3168639E+02   0.0000000E+00   0.0000000E+00   0.0000000E+00   0.0000000E+00   0.0000000E+00   0.0000000E+00   0.0000000E+00   2.1362352E+01   0.0000000E+00   0.0000000E+00   0.0000000E+00   0.0000000E+00   0.0000000E+00   0.0000000E+00   0.0000000E+00   9.1870656E+07
   8.6999998E+00   7.3443214E+01   0.0000000E+00   0.0000000E+00   0.0000000E+00   0.0000000E+00   0.0000000E+00   0.0000000E+00   0.0000000E+00   1.4991533E+01   0.0000000E+00   0.0000000E+00   0.0000000E+00   0.0000000E+00   0.0000000E+00   0.0000000E+00   0.0000000E+00   1.1565811E+08
   8.8000002E+00   1.2533402E+02   0.0000000E+00   0.0000000E+00   0.0000000E+00   0.0000000E+00   0.0000000E+00   0.0000000E+00   0.0000000E+00   2.1185316E+01   0.0000000E+00   0.0000000E+00   0.0000000E+00   0.0000000E+00   0.0000000E+00   0.0000000E+00   0.0000000E+00   1.4560512E+08
   8.8999996E+00   1.7343587E+02   0.0000000E+00   0.0000000E+00   0.0000000E+00   0.0000000E+00   0.0000000E+00   0.0000000E+00   0.0000000E+00   2.4285879E+01   0.0000000E+00   0.0000000E+00   0.0000000E+00   0.0000000E+00   0.0000000E+00   0.0000000E+00   0.0000000E+00   1.8330605E+08
   9.0000000E+00   2.2020747E+02   0.0000000E+00   0.0000000E+00   0.0000000E+00   0.0000000E+00   0.0000000E+00   0.0000000E+00   0.0000000E+00   3.1142040E+01   0.0000000E+00   0.0000000E+00   0.0000000E+00   0.0000000E+00   0.0000000E+00   0.0000000E+00   0.0000000E+00   2.3076838E+08
   9.1000004E+00   1.6506731E+02   0.0000000E+00   0.0000000E+00   0.0000000E+00   0.0000000E+00   0.0000000E+00   0.0000000E+00   0.0000000E+00   2.6099432E+01   0.0000000E+00   0.0000000E+00   0.0000000E+00   0.0000000E+00   0.0000000E+00   0.0000000E+00   0.0000000E+00   2.9052045E+08
   9.1999998E+00   1.2322049E+02   0.0000000E+00   0.0000000E+00   0.0000000E+00   0.0000000E+00   0.0000000E+00   0.0000000E+00   0.0000000E+00   2.1132141E+01   0.0000000E+00   0.0000000E+00   0.0000000E+00   0.0000000E+00   0.0000000E+00   0.0000000E+00   0.0000000E+00   3.6574310E+08
   9.3000002E+00   2.0136313E+02   0.0000000E+00   0.0000000E+00   0.0000000E+00   0.0000000E+00   0.0000000E+00   0.0000000E+00   0.0000000E+00   3.3103893E+01   0.0000000E+00   0.0000000E+00   0.0000000E+00   0.0000000E+00   0.0000000E+00   0.0000000E+00   0.0000000E+00   4.6044365E+08
   9.3999996E+00   1.3042151E+02   0.0000000E+00   0.0000000E+00   0.0000000E+00   0.0000000E+00   0.0000000E+00   0.0000000E+00   0.0000000E+00   2.3055483E+01   0.0000000E+00   0.0000000E+00   0.0000000E+00   0.0000000E+00   0.0000000E+00   0.0000000E+00   0.0000000E+00   5.7966490E+08
   9.5000000E+00   7.8317566E+01   0.0000000E+00   0.0000000E+00   0.0000000E+00   0.0000000E+00   0.0000000E+00   0.0000000E+00   0.0000000E+00   1.3844721E+01   0.0000000E+00   0.0000000E+00   0.0000000E+00   0.0000000E+00   0.0000000E+00   0.0000000E+00   0.0000000E+00   7.2975386E+08
   9.6000004E+00   1.4438513E+02   0.0000000E+00   0.0000000E+00   0.0000000E+00   0.0000000E+00   0.0000000E+00   0.0000000E+00   0.0000000E+00   2.4064188E+01   0.0000000E+00   0.0000000E+00   0.0000000E+00   0.0000000E+00   0.0000000E+00   0.0000000E+00   0.0000000E+00   9.1870618E+08
   9.6999998E+00   4.1151089E+01   0.0000000E+00   0.0000000E+00   0.0000000E+00   0.0000000E+00   0.0000000E+00   0.0000000E+00   0.0000000E+00   1.0998091E+01   0.0000000E+00   0.0000000E+00   0.0000000E+00   0.0000000E+00   0.0000000E+00   0.0000000E+00   0.0000000E+00   1.1565814E+09
   9.8000002E+00   1.5130715E+01   0.0000000E+00   0.0000000E+00   0.0000000E+00   0.0000000E+00   0.0000000E+00   0.0000000E+00   0.0000000E+00   5.3495159E+00   0.0000000E+00   0.0000000E+00   0.0000000E+00   0.0000000E+00   0.0000000E+00   0.0000000E+00   0.0000000E+00   1.4560507E+09
   9.8999996E+00   2.7657848E+01   0.0000000E+00   0.0000000E+00   0.0000000E+00   0.0000000E+00   0.0000000E+00   0.0000000E+00   0.0000000E+00   8.7461796E+00   0.0000000E+00   0.0000000E+00   0.0000000E+00   0.0000000E+00   0.0000000E+00   0.0000000E+00   0.0000000E+00   1.8330614E+09
   1.0000000E+01   7.2740707E+00   0.0000000E+00   0.0000000E+00   0.0000000E+00   0.0000000E+00   0.0000000E+00   0.0000000E+00   0.0000000E+00   3.6370354E+00   0.0000000E+00   0.0000000E+00   0.0000000E+00   0.0000000E+00   0.0000000E+00   0.0000000E+00   0.0000000E+00   2.3076833E+09
   1.0100000E+01   4.1243954E+01   0.0000000E+00   0.0000000E+00   0.0000000E+00   0.0000000E+00   0.0000000E+00   0.0000000E+00   0.0000000E+00   1.4581940E+01   0.0000000E+00   0.0000000E+00   0.0000000E+00   0.0000000E+00   0.0000000E+00   0.0000000E+00   0.0000000E+00   2.9051986E+09
   1.0200001E+01   1.6963993E+01   0.0000000E+00   0.0000000E+00   0.0000000E+00   0.0000000E+00   0.0000000E+00   0.0000000E+00   0.0000000E+00   5.9976773E+00   0.0000000E+00   0.0000000E+00   0.0000000E+00   0.0000000E+00   0.0000000E+00   0.0000000E+00   0.0000000E+00   3.6574310E+09
   1.0300000E+01   2.0981018E+01   0.0000000E+00   0.0000000E+00   0.0000000E+00   0.0000000E+00   0.0000000E+00   0.0000000E+00   0.0000000E+00   8.5654640E+00   0.0000000E+00   0.0000000E+00   0.0000000E+00   0.0000000E+00   0.0000000E+00   0.0000000E+00   0.0000000E+00   4.6044365E+09
   1.0400000E+01   1.3869693E+01   0.0000000E+00   0.0000000E+00   0.0000000E+00   0.0000000E+00   0.0000000E+00   0.0000000E+00   0.0000000E+00   6.9348464E+00   0.0000000E+00   0.0000000E+00   0.0000000E+00   0.0000000E+00   0.0000000E+00   0.0000000E+00   0.0000000E+00   5.7966490E+09
   1.0500000E+01   1.4945780E+01   0.0000000E+00   0.0000000E+00   0.0000000E+00   0.0000000E+00   0.0000000E+00   0.0000000E+00   0.0000000E+00   7.4728899E+00   0.0000000E+00   0.0000000E+00   0.0000000E+00   0.0000000E+00   0.0000000E+00   0.0000000E+00   0.0000000E+00   7.2975380E+09
   1.0600000E+01   1.9265461E+01   0.0000000E+00   0.0000000E+00   0.0000000E+00   0.0000000E+00   0.0000000E+00   0.0000000E+00   0.0000000E+00   1.3622738E+01   0.0000000E+00   0.0000000E+00   0.0000000E+00   0.0000000E+00   0.0000000E+00   0.0000000E+00   0.0000000E+00   9.1870454E+09
   1.0700001E+01   3.2658306E+01   0.0000000E+00   0.0000000E+00   0.0000000E+00   0.0000000E+00   0.0000000E+00   0.0000000E+00   0.0000000E+00   1.0327463E+01   0.0000000E+00   0.0000000E+00   0.0000000E+00   0.0000000E+00   0.0000000E+00   0.0000000E+00   0.0000000E+00   1.1565810E+10
   1.0800000E+01   0.0000000E+00   0.0000000E+00   0.0000000E+00   0.0000000E+00   0.0000000E+00   0.0000000E+00   0.0000000E+00   0.0000000E+00   0.0000000E+00   0.0000000E+00   0.0000000E+00   0.0000000E+00   0.0000000E+00   0.0000000E+00   0.0000000E+00   0.0000000E+00   1.4560510E+10
   1.0900000E+01   4.1411557E+00   0.0000000E+00   0.0000000E+00   0.0000000E+00   0.0000000E+00   0.0000000E+00   0.0000000E+00   0.0000000E+00   2.9282393E+00   0.0000000E+00   0.0000000E+00   0.0000000E+00   0.0000000E+00   0.0000000E+00   0.0000000E+00   0.0000000E+00   1.8330608E+10
   1.1000000E+01   1.2979259E+01   0.0000000E+00   0.0000000E+00   0.0000000E+00   0.0000000E+00   0.0000000E+00   0.0000000E+00   0.0000000E+00   5.2987604E+00   0.0000000E+00   0.0000000E+00   0.0000000E+00   0.0000000E+00   0.0000000E+00   0.0000000E+00   0.0000000E+00   2.3076839E+10
